Interval Time,Interval Number,Resource Code,Interval Value
2025-06-17 00:14:59,1,DSKYWND2_UNIT_2A,8.2076899999
2025-06-17 00:29:59,2,DSKYWND2_UNIT_2A,8.4462779999
2025-06-17 00:44:59,3,DSKYWND2_UNIT_2A,8.6296959999
2025-06-17 00:59:59,4,DSKYWND2_UNIT_2A,8.8268319999
2025-06-17 01:14:59,5,DSKYWND2_UNIT_2A,9.1378
2025-06-17 01:29:59,6,DSKYWND2_UNIT_2A,9.468291
2025-06-17 01:44:59,7,DSKYWND2_UNIT_2A,9.3576599999
2025-06-17 01:59:59,8,DSKYWND2_UNIT_2A,9.290084
2025-06-17 02:14:59,9,DSKYWND2_UNIT_2A,9.2418019999
2025-06-17 02:29:59,10,DSKYWND2_UNIT_2A,9.2507789999
2025-06-17 02:44:59,11,DSKYWND2_UNIT_2A,9.4785439999
2025-06-17 02:59:59,12,DSKYWND2_UNIT_2A,9.655723
2025-06-17 03:14:59,13,DSKYWND2_UNIT_2A,9.682733
2025-06-17 03:29:59,14,DSKYWND2_UNIT_2A,9.7260939999
2025-06-17 03:44:59,15,DSKYWND2_UNIT_2A,9.557968
2025-06-17 03:59:59,16,DSKYWND2_UNIT_2A,9.3292059999
2025-06-17 04:14:59,17,DSKYWND2_UNIT_2A,9.244949
2025-06-17 04:29:59,18,DSKYWND2_UNIT_2A,9.041156
2025-06-17 04:44:59,19,DSKYWND2_UNIT_2A,9.0970089999
2025-06-17 04:59:59,20,DSKYWND2_UNIT_2A,9.6171779999
2025-06-17 05:14:59,21,DSKYWND2_UNIT_2A,9.545757
2025-06-17 05:29:59,22,DSKYWND2_UNIT_2A,9.554216
2025-06-17 05:44:59,23,DSKYWND2_UNIT_2A,9.589598
2025-06-17 05:59:59,24,DSKYWND2_UNIT_2A,9.7376079999
2025-06-17 06:14:59,25,DSKYWND2_UNIT_2A,9.6715579999
2025-06-17 06:29:59,26,DSKYWND2_UNIT_2A,9.2892829999
2025-06-17 06:44:59,27,DSKYWND2_UNIT_2A,8.483302
2025-06-17 06:59:59,28,DSKYWND2_UNIT_2A,8.550945
2025-06-17 07:14:59,29,DSKYWND2_UNIT_2A,8.6559209999
2025-06-17 07:29:59,30,DSKYWND2_UNIT_2A,9.0448199999
2025-06-17 07:44:59,31,DSKYWND2_UNIT_2A,8.692569
2025-06-17 07:59:59,32,DSKYWND2_UNIT_2A,8.6295459999
2025-06-17 08:14:59,33,DSKYWND2_UNIT_2A,8.5757989999
2025-06-17 08:29:59,34,DSKYWND2_UNIT_2A,10.598936
2025-06-17 08:44:59,35,DSKYWND2_UNIT_2A,13.319559
2025-06-17 08:59:59,36,DSKYWND2_UNIT_2A,10.722025
2025-06-17 09:14:59,37,DSKYWND2_UNIT_2A,8.6225439999
2025-06-17 09:29:59,38,DSKYWND2_UNIT_2A,8.1760909999
2025-06-17 09:44:59,39,DSKYWND2_UNIT_2A,7.4663899999
2025-06-17 09:59:59,40,DSKYWND2_UNIT_2A,7.2459049999
2025-06-17 10:14:59,41,DSKYWND2_UNIT_2A,7.4012779999
2025-06-17 10:29:59,42,DSKYWND2_UNIT_2A,6.945539
2025-06-17 10:44:59,43,DSKYWND2_UNIT_2A,5.640194
2025-06-17 10:59:59,44,DSKYWND2_UNIT_2A,6.6163959999
2025-06-17 11:14:59,45,DSKYWND2_UNIT_2A,7.006559
2025-06-17 11:29:59,46,DSKYWND2_UNIT_2A,7.389284
2025-06-17 11:44:59,47,DSKYWND2_UNIT_2A,7.9582259999
2025-06-17 11:59:59,48,DSKYWND2_UNIT_2A,8.115515
2025-06-17 12:14:59,49,DSKYWND2_UNIT_2A,7.7411669999
2025-06-17 12:29:59,50,DSKYWND2_UNIT_2A,7.3633009999
2025-06-17 12:44:59,51,DSKYWND2_UNIT_2A,7.736275
2025-06-17 12:59:59,52,DSKYWND2_UNIT_2A,7.803503
2025-06-17 13:14:59,53,DSKYWND2_UNIT_2A,7.982799
2025-06-17 13:29:59,54,DSKYWND2_UNIT_2A,7.9417609999
2025-06-17 13:44:59,55,DSKYWND2_UNIT_2A,7.8231169999
2025-06-17 13:59:59,56,DSKYWND2_UNIT_2A,9.1240109999
2025-06-17 14:14:59,57,DSKYWND2_UNIT_2A,12.353357
2025-06-17 14:29:59,58,DSKYWND2_UNIT_2A,13.3023779999
2025-06-17 14:44:59,59,DSKYWND2_UNIT_2A,13.5415569999
2025-06-17 14:59:59,60,DSKYWND2_UNIT_2A,13.3401
2025-06-17 15:14:59,61,DSKYWND2_UNIT_2A,12.944148
2025-06-17 15:29:59,62,DSKYWND2_UNIT_2A,12.96664
2025-06-17 15:44:59,63,DSKYWND2_UNIT_2A,12.568782
2025-06-17 15:59:59,64,DSKYWND2_UNIT_2A,12.882414
2025-06-17 16:14:59,65,DSKYWND2_UNIT_2A,13.850606
2025-06-17 16:29:59,66,DSKYWND2_UNIT_2A,13.873687
2025-06-17 16:44:59,67,DSKYWND2_UNIT_2A,13.8933599999
2025-06-17 16:59:59,68,DSKYWND2_UNIT_2A,13.375565
2025-06-17 17:14:59,69,DSKYWND2_UNIT_2A,12.6869669999
2025-06-17 17:29:59,70,DSKYWND2_UNIT_2A,12.4482979999
2025-06-17 17:44:59,71,DSKYWND2_UNIT_2A,12.558679
2025-06-17 17:59:59,72,DSKYWND2_UNIT_2A,13.800974
2025-06-17 18:14:59,73,DSKYWND2_UNIT_2A,13.693781
2025-06-17 18:29:59,74,DSKYWND2_UNIT_2A,13.286208
2025-06-17 18:44:59,75,DSKYWND2_UNIT_2A,13.97009
2025-06-17 18:59:59,76,DSKYWND2_UNIT_2A,13.5583589999
2025-06-17 19:14:59,77,DSKYWND2_UNIT_2A,13.371062
2025-06-17 19:29:59,78,DSKYWND2_UNIT_2A,12.903111
2025-06-17 19:44:59,79,DSKYWND2_UNIT_2A,9.2441399999
2025-06-17 19:59:59,80,DSKYWND2_UNIT_2A,6.866118
2025-06-17 20:14:59,81,DSKYWND2_UNIT_2A,7.1248709999
2025-06-17 20:29:59,82,DSKYWND2_UNIT_2A,8.2241479999
2025-06-17 20:44:59,83,DSKYWND2_UNIT_2A,8.4837729999
2025-06-17 20:59:59,84,DSKYWND2_UNIT_2A,8.724346
2025-06-17 21:14:59,85,DSKYWND2_UNIT_2A,9.4137909999
2025-06-17 21:29:59,86,DSKYWND2_UNIT_2A,8.9738869999
2025-06-17 21:44:59,87,DSKYWND2_UNIT_2A,8.8721669999
2025-06-17 21:59:59,88,DSKYWND2_UNIT_2A,8.8624299999
2025-06-17 22:14:59,89,DSKYWND2_UNIT_2A,8.7941439999
2025-06-17 22:29:59,90,DSKYWND2_UNIT_2A,8.6476459999
2025-06-17 22:44:59,91,DSKYWND2_UNIT_2A,8.6848089999
2025-06-17 22:59:59,92,DSKYWND2_UNIT_2A,8.637702
2025-06-17 23:14:59,93,DSKYWND2_UNIT_2A,8.493235
2025-06-17 23:29:59,94,DSKYWND2_UNIT_2A,8.5921599999
2025-06-17 23:44:59,95,DSKYWND2_UNIT_2A,8.6799389999
2025-06-17 23:59:59,96,DSKYWND2_UNIT_2A,8.698733
2025-06-18 00:14:59,1,DSKYWND2_UNIT_2A,8.6606459999
2025-06-18 00:29:59,2,DSKYWND2_UNIT_2A,8.640209
2025-06-18 00:44:59,3,DSKYWND2_UNIT_2A,8.6151009999
2025-06-18 00:59:59,4,DSKYWND2_UNIT_2A,8.638092
2025-06-18 01:14:59,5,DSKYWND2_UNIT_2A,8.3968919999
2025-06-18 01:29:59,6,DSKYWND2_UNIT_2A,8.912008
2025-06-18 01:44:59,7,DSKYWND2_UNIT_2A,8.5637019999
2025-06-18 01:59:59,8,DSKYWND2_UNIT_2A,8.7367439999
2025-06-18 02:14:59,9,DSKYWND2_UNIT_2A,8.6914829999
2025-06-18 02:29:59,10,DSKYWND2_UNIT_2A,8.707323
2025-06-18 02:44:59,11,DSKYWND2_UNIT_2A,8.6274899999
2025-06-18 02:59:59,12,DSKYWND2_UNIT_2A,8.821141
2025-06-18 03:14:59,13,DSKYWND2_UNIT_2A,8.757538
2025-06-18 03:29:59,14,DSKYWND2_UNIT_2A,8.7692139999
2025-06-18 03:44:59,15,DSKYWND2_UNIT_2A,8.843196
2025-06-18 03:59:59,16,DSKYWND2_UNIT_2A,8.826995
2025-06-18 04:14:59,17,DSKYWND2_UNIT_2A,8.9218159999
2025-06-18 04:29:59,18,DSKYWND2_UNIT_2A,8.862144
2025-06-18 04:44:59,19,DSKYWND2_UNIT_2A,9.488488
2025-06-18 04:59:59,20,DSKYWND2_UNIT_2A,9.39047
2025-06-18 05:14:59,21,DSKYWND2_UNIT_2A,9.1819039999
2025-06-18 05:29:59,22,DSKYWND2_UNIT_2A,9.433369
2025-06-18 05:44:59,23,DSKYWND2_UNIT_2A,9.9904849999
2025-06-18 05:59:59,24,DSKYWND2_UNIT_2A,10.432282
2025-06-18 06:14:59,25,DSKYWND2_UNIT_2A,10.378404
2025-06-18 06:29:59,26,DSKYWND2_UNIT_2A,10.391531
2025-06-18 06:44:59,27,DSKYWND2_UNIT_2A,10.498111
2025-06-18 06:59:59,28,DSKYWND2_UNIT_2A,10.702056
2025-06-18 07:14:59,29,DSKYWND2_UNIT_2A,10.360457
2025-06-18 07:29:59,30,DSKYWND2_UNIT_2A,10.044534
2025-06-18 07:44:59,31,DSKYWND2_UNIT_2A,9.8742719999
2025-06-18 07:59:59,32,DSKYWND2_UNIT_2A,9.6834179999
2025-06-18 08:14:59,33,DSKYWND2_UNIT_2A,9.9648009999
2025-06-18 08:29:59,34,DSKYWND2_UNIT_2A,9.0520759999
2025-06-18 08:44:59,35,DSKYWND2_UNIT_2A,9.431426
2025-06-18 08:59:59,36,DSKYWND2_UNIT_2A,8.7570829999
2025-06-18 09:14:59,37,DSKYWND2_UNIT_2A,6.359765
2025-06-18 09:29:59,38,DSKYWND2_UNIT_2A,6.338146
2025-06-18 09:44:59,39,DSKYWND2_UNIT_2A,5.9313229999
2025-06-18 09:59:59,40,DSKYWND2_UNIT_2A,4.421363
2025-06-18 10:14:59,41,DSKYWND2_UNIT_2A,2.2069019999
2025-06-18 10:29:59,42,DSKYWND2_UNIT_2A,2.012586
2025-06-18 10:44:59,43,DSKYWND2_UNIT_2A,0.0
2025-06-18 10:59:59,44,DSKYWND2_UNIT_2A,0.0
2025-06-18 11:14:59,45,DSKYWND2_UNIT_2A,0.0
2025-06-18 11:29:59,46,DSKYWND2_UNIT_2A,0.0
2025-06-18 11:44:59,47,DSKYWND2_UNIT_2A,0.0
2025-06-18 11:59:59,48,DSKYWND2_UNIT_2A,0.0
2025-06-18 12:14:59,49,DSKYWND2_UNIT_2A,0.0
2025-06-18 12:29:59,50,DSKYWND2_UNIT_2A,0.0
2025-06-18 12:44:59,51,DSKYWND2_UNIT_2A,0.0
2025-06-18 12:59:59,52,DSKYWND2_UNIT_2A,0.0
2025-06-18 13:14:59,53,DSKYWND2_UNIT_2A,0.0
2025-06-18 13:29:59,54,DSKYWND2_UNIT_2A,0.0
2025-06-18 13:44:59,55,DSKYWND2_UNIT_2A,0.0
2025-06-18 13:59:59,56,DSKYWND2_UNIT_2A,0.0
2025-06-18 14:14:59,57,DSKYWND2_UNIT_2A,0.0
2025-06-18 14:29:59,58,DSKYWND2_UNIT_2A,0.0
2025-06-18 14:44:59,59,DSKYWND2_UNIT_2A,0.0
2025-06-18 14:59:59,60,DSKYWND2_UNIT_2A,1.2705919999
2025-06-18 15:14:59,61,DSKYWND2_UNIT_2A,0.714586
2025-06-18 15:29:59,62,DSKYWND2_UNIT_2A,0.779444
2025-06-18 15:44:59,63,DSKYWND2_UNIT_2A,0.8502079999
2025-06-18 15:59:59,64,DSKYWND2_UNIT_2A,1.324211
2025-06-18 16:14:59,65,DSKYWND2_UNIT_2A,3.209066
2025-06-18 16:29:59,66,DSKYWND2_UNIT_2A,2.612565
2025-06-18 16:44:59,67,DSKYWND2_UNIT_2A,4.1118259999
2025-06-18 16:59:59,68,DSKYWND2_UNIT_2A,3.283525
2025-06-18 17:14:59,69,DSKYWND2_UNIT_2A,5.2519879999
2025-06-18 17:29:59,70,DSKYWND2_UNIT_2A,4.967912
2025-06-18 17:44:59,71,DSKYWND2_UNIT_2A,6.549525
2025-06-18 17:59:59,72,DSKYWND2_UNIT_2A,6.7184559999
2025-06-18 18:14:59,73,DSKYWND2_UNIT_2A,7.2643219999
2025-06-18 18:29:59,74,DSKYWND2_UNIT_2A,8.1724399999
2025-06-18 18:44:59,75,DSKYWND2_UNIT_2A,9.1353989999
2025-06-18 18:59:59,76,DSKYWND2_UNIT_2A,8.6071829999
2025-06-18 19:14:59,77,DSKYWND2_UNIT_2A,9.5769179999
2025-06-18 19:29:59,78,DSKYWND2_UNIT_2A,7.1596799999
2025-06-18 19:44:59,79,DSKYWND2_UNIT_2A,6.7558009999
2025-06-18 19:59:59,80,DSKYWND2_UNIT_2A,7.5927369999
2025-06-18 20:14:59,81,DSKYWND2_UNIT_2A,8.479563
2025-06-18 20:29:59,82,DSKYWND2_UNIT_2A,8.3049669999
2025-06-18 20:44:59,83,DSKYWND2_UNIT_2A,8.2575939999
2025-06-18 20:59:59,84,DSKYWND2_UNIT_2A,8.0127989999
2025-06-18 21:14:59,85,DSKYWND2_UNIT_2A,7.881049
2025-06-18 21:29:59,86,DSKYWND2_UNIT_2A,7.027336
2025-06-18 21:44:59,87,DSKYWND2_UNIT_2A,4.916194
2025-06-18 21:59:59,88,DSKYWND2_UNIT_2A,1.114741
2025-06-18 22:14:59,89,DSKYWND2_UNIT_2A,0.0
2025-06-18 22:29:59,90,DSKYWND2_UNIT_2A,0.2224079999
2025-06-18 22:44:59,91,DSKYWND2_UNIT_2A,0.395791
2025-06-18 22:59:59,92,DSKYWND2_UNIT_2A,0.0
2025-06-18 23:14:59,93,DSKYWND2_UNIT_2A,0.135495
2025-06-18 23:29:59,94,DSKYWND2_UNIT_2A,0.671678
2025-06-18 23:44:59,95,DSKYWND2_UNIT_2A,0.287036
2025-06-18 23:59:59,96,DSKYWND2_UNIT_2A,1.319761
2025-06-19 00:14:59,1,DSKYWND2_UNIT_2A,1.7951809999
2025-06-19 00:29:59,2,DSKYWND2_UNIT_2A,3.375499
2025-06-19 00:44:59,3,DSKYWND2_UNIT_2A,4.549398
2025-06-19 00:59:59,4,DSKYWND2_UNIT_2A,4.494078
2025-06-19 01:14:59,5,DSKYWND2_UNIT_2A,5.096908
2025-06-19 01:29:59,6,DSKYWND2_UNIT_2A,4.984274
2025-06-19 01:44:59,7,DSKYWND2_UNIT_2A,6.018665
2025-06-19 01:59:59,8,DSKYWND2_UNIT_2A,5.94641
2025-06-19 02:14:59,9,DSKYWND2_UNIT_2A,5.3540809999
2025-06-19 02:29:59,10,DSKYWND2_UNIT_2A,5.956766
2025-06-19 02:44:59,11,DSKYWND2_UNIT_2A,6.6000959999
2025-06-19 02:59:59,12,DSKYWND2_UNIT_2A,6.7583489999
2025-06-19 03:14:59,13,DSKYWND2_UNIT_2A,6.168775
2025-06-19 03:29:59,14,DSKYWND2_UNIT_2A,6.2121839999
2025-06-19 03:44:59,15,DSKYWND2_UNIT_2A,7.3280649999
2025-06-19 03:59:59,16,DSKYWND2_UNIT_2A,7.2232219999
2025-06-19 04:14:59,17,DSKYWND2_UNIT_2A,6.9603109999
2025-06-19 04:29:59,18,DSKYWND2_UNIT_2A,8.119555
2025-06-19 04:44:59,19,DSKYWND2_UNIT_2A,8.25815
2025-06-19 04:59:59,20,DSKYWND2_UNIT_2A,6.8356729999
2025-06-19 05:14:59,21,DSKYWND2_UNIT_2A,7.613654
2025-06-19 05:29:59,22,DSKYWND2_UNIT_2A,6.2387899999
2025-06-19 05:44:59,23,DSKYWND2_UNIT_2A,5.9667859999
2025-06-19 05:59:59,24,DSKYWND2_UNIT_2A,4.502924
2025-06-19 06:14:59,25,DSKYWND2_UNIT_2A,4.5466639999
2025-06-19 06:29:59,26,DSKYWND2_UNIT_2A,5.4166889999
2025-06-19 06:44:59,27,DSKYWND2_UNIT_2A,5.542936
2025-06-19 06:59:59,28,DSKYWND2_UNIT_2A,5.685666
2025-06-19 07:14:59,29,DSKYWND2_UNIT_2A,5.5828579999
2025-06-19 07:29:59,30,DSKYWND2_UNIT_2A,5.7533339999
2025-06-19 07:44:59,31,DSKYWND2_UNIT_2A,5.037613
2025-06-19 07:59:59,32,DSKYWND2_UNIT_2A,6.1633019999
2025-06-19 08:14:59,33,DSKYWND2_UNIT_2A,6.7102709999
2025-06-19 08:29:59,34,DSKYWND2_UNIT_2A,6.6760349999
2025-06-19 08:44:59,35,DSKYWND2_UNIT_2A,6.59825
2025-06-19 08:59:59,36,DSKYWND2_UNIT_2A,5.8921049999
2025-06-19 09:14:59,37,DSKYWND2_UNIT_2A,6.363667
2025-06-19 09:29:59,38,DSKYWND2_UNIT_2A,6.41051
2025-06-19 09:44:59,39,DSKYWND2_UNIT_2A,5.9260159999
2025-06-19 09:59:59,40,DSKYWND2_UNIT_2A,5.1118119999
2025-06-19 10:14:59,41,DSKYWND2_UNIT_2A,5.9927669999
2025-06-19 10:29:59,42,DSKYWND2_UNIT_2A,5.59433
2025-06-19 10:44:59,43,DSKYWND2_UNIT_2A,6.092085
2025-06-19 10:59:59,44,DSKYWND2_UNIT_2A,5.974134
2025-06-19 11:14:59,45,DSKYWND2_UNIT_2A,5.831584
2025-06-19 11:29:59,46,DSKYWND2_UNIT_2A,6.063163
2025-06-19 11:44:59,47,DSKYWND2_UNIT_2A,6.5235589999
2025-06-19 11:59:59,48,DSKYWND2_UNIT_2A,6.8128229999
2025-06-19 12:14:59,49,DSKYWND2_UNIT_2A,7.2473679999
2025-06-19 12:29:59,50,DSKYWND2_UNIT_2A,7.3172189999
2025-06-19 12:44:59,51,DSKYWND2_UNIT_2A,7.439674
2025-06-19 12:59:59,52,DSKYWND2_UNIT_2A,6.1260859999
2025-06-19 13:14:59,53,DSKYWND2_UNIT_2A,6.4099209999
2025-06-19 13:29:59,54,DSKYWND2_UNIT_2A,6.506851
2025-06-19 13:44:59,55,DSKYWND2_UNIT_2A,8.136024
2025-06-19 13:59:59,56,DSKYWND2_UNIT_2A,11.439949
2025-06-19 14:14:59,57,DSKYWND2_UNIT_2A,11.773434
2025-06-19 14:29:59,58,DSKYWND2_UNIT_2A,10.93107
2025-06-19 14:44:59,59,DSKYWND2_UNIT_2A,10.678373
2025-06-19 14:59:59,60,DSKYWND2_UNIT_2A,10.2098879999
2025-06-19 15:14:59,61,DSKYWND2_UNIT_2A,10.443857
2025-06-19 15:29:59,62,DSKYWND2_UNIT_2A,10.348757
2025-06-19 15:44:59,63,DSKYWND2_UNIT_2A,11.3143379999
2025-06-19 15:59:59,64,DSKYWND2_UNIT_2A,10.6936579999
2025-06-19 16:14:59,65,DSKYWND2_UNIT_2A,11.941744
2025-06-19 16:29:59,66,DSKYWND2_UNIT_2A,11.096545
2025-06-19 16:44:59,67,DSKYWND2_UNIT_2A,11.132051
2025-06-19 16:59:59,68,DSKYWND2_UNIT_2A,10.982243
2025-06-19 17:14:59,69,DSKYWND2_UNIT_2A,10.9773739999
2025-06-19 17:29:59,70,DSKYWND2_UNIT_2A,11.946133
2025-06-19 17:44:59,71,DSKYWND2_UNIT_2A,10.619456
2025-06-19 17:59:59,72,DSKYWND2_UNIT_2A,10.449837
2025-06-19 18:14:59,73,DSKYWND2_UNIT_2A,10.7509549999
2025-06-19 18:29:59,74,DSKYWND2_UNIT_2A,9.8830819999
2025-06-19 18:44:59,75,DSKYWND2_UNIT_2A,8.447271
2025-06-19 18:59:59,76,DSKYWND2_UNIT_2A,9.128204
2025-06-19 19:14:59,77,DSKYWND2_UNIT_2A,9.6375609999
2025-06-19 19:29:59,78,DSKYWND2_UNIT_2A,8.281105
2025-06-19 19:44:59,79,DSKYWND2_UNIT_2A,6.7329679999
2025-06-19 19:59:59,80,DSKYWND2_UNIT_2A,8.044401
2025-06-19 20:14:59,81,DSKYWND2_UNIT_2A,9.9121799999
2025-06-19 20:29:59,82,DSKYWND2_UNIT_2A,5.476289
2025-06-19 20:44:59,83,DSKYWND2_UNIT_2A,7.7300649999
2025-06-19 20:59:59,84,DSKYWND2_UNIT_2A,8.4745609999
2025-06-19 21:14:59,85,DSKYWND2_UNIT_2A,8.6889029999
2025-06-19 21:29:59,86,DSKYWND2_UNIT_2A,7.8967939999
2025-06-19 21:44:59,87,DSKYWND2_UNIT_2A,7.652616
2025-06-19 21:59:59,88,DSKYWND2_UNIT_2A,5.2652549999
2025-06-19 22:14:59,89,DSKYWND2_UNIT_2A,1.7243299999
2025-06-19 22:29:59,90,DSKYWND2_UNIT_2A,0.0
2025-06-19 22:44:59,91,DSKYWND2_UNIT_2A,0.0
2025-06-19 22:59:59,92,DSKYWND2_UNIT_2A,0.443861
2025-06-19 23:14:59,93,DSKYWND2_UNIT_2A,1.470915
2025-06-19 23:29:59,94,DSKYWND2_UNIT_2A,2.3325719999
2025-06-19 23:44:59,95,DSKYWND2_UNIT_2A,3.404717
2025-06-19 23:59:59,96,DSKYWND2_UNIT_2A,4.2933669999
2025-06-20 00:14:59,1,DSKYWND2_UNIT_2A,5.6646549999
2025-06-20 00:29:59,2,DSKYWND2_UNIT_2A,7.4377329999
2025-06-20 00:44:59,3,DSKYWND2_UNIT_2A,8.1367279999
2025-06-20 00:59:59,4,DSKYWND2_UNIT_2A,8.9686649999
2025-06-20 01:14:59,5,DSKYWND2_UNIT_2A,8.794669
2025-06-20 01:29:59,6,DSKYWND2_UNIT_2A,8.856709
2025-06-20 01:44:59,7,DSKYWND2_UNIT_2A,8.9516749999
2025-06-20 01:59:59,8,DSKYWND2_UNIT_2A,7.3981149999
2025-06-20 02:14:59,9,DSKYWND2_UNIT_2A,7.4852489999
2025-06-20 02:29:59,10,DSKYWND2_UNIT_2A,8.654225
2025-06-20 02:44:59,11,DSKYWND2_UNIT_2A,8.09792
2025-06-20 02:59:59,12,DSKYWND2_UNIT_2A,8.474717
2025-06-20 03:14:59,13,DSKYWND2_UNIT_2A,8.2835549999
2025-06-20 03:29:59,14,DSKYWND2_UNIT_2A,8.216252
2025-06-20 03:44:59,15,DSKYWND2_UNIT_2A,8.0687979999
2025-06-20 03:59:59,16,DSKYWND2_UNIT_2A,8.0261089999
2025-06-20 04:14:59,17,DSKYWND2_UNIT_2A,6.9677819999
2025-06-20 04:29:59,18,DSKYWND2_UNIT_2A,6.837538
2025-06-20 04:44:59,19,DSKYWND2_UNIT_2A,6.732457
2025-06-20 04:59:59,20,DSKYWND2_UNIT_2A,6.2790679999
2025-06-20 05:14:59,21,DSKYWND2_UNIT_2A,5.5052919999
2025-06-20 05:29:59,22,DSKYWND2_UNIT_2A,4.138446
2025-06-20 05:44:59,23,DSKYWND2_UNIT_2A,2.756959
2025-06-20 05:59:59,24,DSKYWND2_UNIT_2A,1.540272
2025-06-20 06:14:59,25,DSKYWND2_UNIT_2A,2.548686
2025-06-20 06:29:59,26,DSKYWND2_UNIT_2A,3.5456539999
2025-06-20 06:44:59,27,DSKYWND2_UNIT_2A,2.9651879999
2025-06-20 06:59:59,28,DSKYWND2_UNIT_2A,3.0282439999
2025-06-20 07:14:59,29,DSKYWND2_UNIT_2A,3.959849
2025-06-20 07:29:59,30,DSKYWND2_UNIT_2A,4.402139
2025-06-20 07:44:59,31,DSKYWND2_UNIT_2A,4.203125
2025-06-20 07:59:59,32,DSKYWND2_UNIT_2A,4.610723
2025-06-20 08:14:59,33,DSKYWND2_UNIT_2A,4.922868
2025-06-20 08:29:59,34,DSKYWND2_UNIT_2A,5.0809189999
2025-06-20 08:44:59,35,DSKYWND2_UNIT_2A,6.0572749999
2025-06-20 08:59:59,36,DSKYWND2_UNIT_2A,6.640971
2025-06-20 09:14:59,37,DSKYWND2_UNIT_2A,6.0642769999
2025-06-20 09:29:59,38,DSKYWND2_UNIT_2A,5.4552699999
2025-06-20 09:44:59,39,DSKYWND2_UNIT_2A,5.630098
2025-06-20 09:59:59,40,DSKYWND2_UNIT_2A,5.878431
2025-06-20 10:14:59,41,DSKYWND2_UNIT_2A,6.103271
2025-06-20 10:29:59,42,DSKYWND2_UNIT_2A,6.0849669999
2025-06-20 10:44:59,43,DSKYWND2_UNIT_2A,6.8640379999
2025-06-20 10:59:59,44,DSKYWND2_UNIT_2A,6.686689
2025-06-20 11:14:59,45,DSKYWND2_UNIT_2A,7.206235
2025-06-20 11:29:59,46,DSKYWND2_UNIT_2A,7.2141219999
2025-06-20 11:44:59,47,DSKYWND2_UNIT_2A,7.4185829999
2025-06-20 11:59:59,48,DSKYWND2_UNIT_2A,7.450014
2025-06-20 12:14:59,49,DSKYWND2_UNIT_2A,7.444746
2025-06-20 12:29:59,50,DSKYWND2_UNIT_2A,7.404836
2025-06-20 12:44:59,51,DSKYWND2_UNIT_2A,7.405293
2025-06-20 12:59:59,52,DSKYWND2_UNIT_2A,7.305811
2025-06-20 13:14:59,53,DSKYWND2_UNIT_2A,7.1867609999
2025-06-20 13:29:59,54,DSKYWND2_UNIT_2A,7.4916499999
2025-06-20 13:44:59,55,DSKYWND2_UNIT_2A,9.2704369999
2025-06-20 13:59:59,56,DSKYWND2_UNIT_2A,13.4585969999
2025-06-20 14:14:59,57,DSKYWND2_UNIT_2A,13.2831309999
2025-06-20 14:29:59,58,DSKYWND2_UNIT_2A,12.628434
2025-06-20 14:44:59,59,DSKYWND2_UNIT_2A,13.643388
2025-06-20 14:59:59,60,DSKYWND2_UNIT_2A,11.879961
2025-06-20 15:14:59,61,DSKYWND2_UNIT_2A,12.67562
2025-06-20 15:29:59,62,DSKYWND2_UNIT_2A,12.19173
2025-06-20 15:44:59,63,DSKYWND2_UNIT_2A,12.350743
2025-06-20 15:59:59,64,DSKYWND2_UNIT_2A,12.864242
2025-06-20 16:14:59,65,DSKYWND2_UNIT_2A,12.789948
2025-06-20 16:29:59,66,DSKYWND2_UNIT_2A,12.455508
2025-06-20 16:44:59,67,DSKYWND2_UNIT_2A,12.192912
2025-06-20 16:59:59,68,DSKYWND2_UNIT_2A,10.620123
2025-06-20 17:14:59,69,DSKYWND2_UNIT_2A,12.069359
2025-06-20 17:29:59,70,DSKYWND2_UNIT_2A,11.4421459999
2025-06-20 17:44:59,71,DSKYWND2_UNIT_2A,11.068156
2025-06-20 17:59:59,72,DSKYWND2_UNIT_2A,11.158091
2025-06-20 18:14:59,73,DSKYWND2_UNIT_2A,11.416606
2025-06-20 18:29:59,74,DSKYWND2_UNIT_2A,11.198878
2025-06-20 18:44:59,75,DSKYWND2_UNIT_2A,11.4313629999
2025-06-20 18:59:59,76,DSKYWND2_UNIT_2A,12.0891749999
2025-06-20 19:14:59,77,DSKYWND2_UNIT_2A,12.198646
2025-06-20 19:29:59,78,DSKYWND2_UNIT_2A,11.732182
2025-06-20 19:44:59,79,DSKYWND2_UNIT_2A,7.700775
2025-06-20 19:59:59,80,DSKYWND2_UNIT_2A,7.218896
2025-06-20 20:14:59,81,DSKYWND2_UNIT_2A,7.103494
2025-06-20 20:29:59,82,DSKYWND2_UNIT_2A,7.1616749999
2025-06-20 20:44:59,83,DSKYWND2_UNIT_2A,7.423858
2025-06-20 20:59:59,84,DSKYWND2_UNIT_2A,7.5333579999
2025-06-20 21:14:59,85,DSKYWND2_UNIT_2A,7.6424529999
2025-06-20 21:29:59,86,DSKYWND2_UNIT_2A,8.0639409999
2025-06-20 21:44:59,87,DSKYWND2_UNIT_2A,7.841114
2025-06-20 21:59:59,88,DSKYWND2_UNIT_2A,8.244047
2025-06-20 22:14:59,89,DSKYWND2_UNIT_2A,8.2069089999
2025-06-20 22:29:59,90,DSKYWND2_UNIT_2A,8.2567509999
2025-06-20 22:44:59,91,DSKYWND2_UNIT_2A,8.436583
2025-06-20 22:59:59,92,DSKYWND2_UNIT_2A,8.336347
2025-06-20 23:14:59,93,DSKYWND2_UNIT_2A,8.3286149999
2025-06-20 23:29:59,94,DSKYWND2_UNIT_2A,7.9779629999
2025-06-20 23:44:59,95,DSKYWND2_UNIT_2A,8.1311789999
2025-06-20 23:59:59,96,DSKYWND2_UNIT_2A,8.1896009999
2025-06-21 00:14:59,1,DSKYWND2_UNIT_2A,8.0219909999
2025-06-21 00:29:59,2,DSKYWND2_UNIT_2A,7.9493879999
2025-06-21 00:44:59,3,DSKYWND2_UNIT_2A,8.0314899999
2025-06-21 00:59:59,4,DSKYWND2_UNIT_2A,8.1306729999
2025-06-21 01:14:59,5,DSKYWND2_UNIT_2A,8.27824
2025-06-21 01:29:59,6,DSKYWND2_UNIT_2A,8.2901279999
2025-06-21 01:44:59,7,DSKYWND2_UNIT_2A,8.216886
2025-06-21 01:59:59,8,DSKYWND2_UNIT_2A,8.1716739999
2025-06-21 02:14:59,9,DSKYWND2_UNIT_2A,8.1809829999
2025-06-21 02:29:59,10,DSKYWND2_UNIT_2A,8.031098
2025-06-21 02:44:59,11,DSKYWND2_UNIT_2A,8.178107
2025-06-21 02:59:59,12,DSKYWND2_UNIT_2A,8.244189
2025-06-21 03:14:59,13,DSKYWND2_UNIT_2A,8.189002
2025-06-21 03:29:59,14,DSKYWND2_UNIT_2A,8.5412359999
2025-06-21 03:44:59,15,DSKYWND2_UNIT_2A,8.459365
2025-06-21 03:59:59,16,DSKYWND2_UNIT_2A,8.3870419999
2025-06-21 04:14:59,17,DSKYWND2_UNIT_2A,8.2849299999
2025-06-21 04:29:59,18,DSKYWND2_UNIT_2A,8.338905
2025-06-21 04:44:59,19,DSKYWND2_UNIT_2A,8.3619179999
2025-06-21 04:59:59,20,DSKYWND2_UNIT_2A,8.5964089999
2025-06-21 05:14:59,21,DSKYWND2_UNIT_2A,8.2198989999
2025-06-21 05:29:59,22,DSKYWND2_UNIT_2A,8.36429
2025-06-21 05:44:59,23,DSKYWND2_UNIT_2A,8.102076
2025-06-21 05:59:59,24,DSKYWND2_UNIT_2A,8.2279009999
2025-06-21 06:14:59,25,DSKYWND2_UNIT_2A,9.131311
2025-06-21 06:29:59,26,DSKYWND2_UNIT_2A,9.1255649999
2025-06-21 06:44:59,27,DSKYWND2_UNIT_2A,9.284057
2025-06-21 06:59:59,28,DSKYWND2_UNIT_2A,9.365904
2025-06-21 07:14:59,29,DSKYWND2_UNIT_2A,9.1190859999
2025-06-21 07:29:59,30,DSKYWND2_UNIT_2A,9.447601
2025-06-21 07:44:59,31,DSKYWND2_UNIT_2A,9.435947
2025-06-21 07:59:59,32,DSKYWND2_UNIT_2A,9.226625
2025-06-21 08:14:59,33,DSKYWND2_UNIT_2A,8.683308
2025-06-21 08:29:59,34,DSKYWND2_UNIT_2A,8.829242
2025-06-21 08:44:59,35,DSKYWND2_UNIT_2A,8.7765599999
2025-06-21 08:59:59,36,DSKYWND2_UNIT_2A,9.4908649999
2025-06-21 09:14:59,37,DSKYWND2_UNIT_2A,9.218467
2025-06-21 09:29:59,38,DSKYWND2_UNIT_2A,9.169893
2025-06-21 09:44:59,39,DSKYWND2_UNIT_2A,9.2953679999
2025-06-21 09:59:59,40,DSKYWND2_UNIT_2A,9.0010019999
2025-06-21 10:14:59,41,DSKYWND2_UNIT_2A,9.0586249999
2025-06-21 10:29:59,42,DSKYWND2_UNIT_2A,8.9665739999
2025-06-21 10:44:59,43,DSKYWND2_UNIT_2A,8.45752
2025-06-21 10:59:59,44,DSKYWND2_UNIT_2A,8.979573
2025-06-21 11:14:59,45,DSKYWND2_UNIT_2A,8.887489
2025-06-21 11:29:59,46,DSKYWND2_UNIT_2A,8.4568169999
2025-06-21 11:44:59,47,DSKYWND2_UNIT_2A,8.720491
2025-06-21 11:59:59,48,DSKYWND2_UNIT_2A,8.2632879999
2025-06-21 12:14:59,49,DSKYWND2_UNIT_2A,7.6184399999
2025-06-21 12:29:59,50,DSKYWND2_UNIT_2A,8.236883
2025-06-21 12:44:59,51,DSKYWND2_UNIT_2A,8.310731
2025-06-21 12:59:59,52,DSKYWND2_UNIT_2A,8.6482109999
2025-06-21 13:14:59,53,DSKYWND2_UNIT_2A,7.816911
2025-06-21 13:29:59,54,DSKYWND2_UNIT_2A,7.843721
2025-06-21 13:44:59,55,DSKYWND2_UNIT_2A,7.879864
2025-06-21 13:59:59,56,DSKYWND2_UNIT_2A,7.7163329999
2025-06-21 14:14:59,57,DSKYWND2_UNIT_2A,8.111909
2025-06-21 14:29:59,58,DSKYWND2_UNIT_2A,7.693646
2025-06-21 14:44:59,59,DSKYWND2_UNIT_2A,7.648975
2025-06-21 14:59:59,60,DSKYWND2_UNIT_2A,7.940216
2025-06-21 15:14:59,61,DSKYWND2_UNIT_2A,8.130686
2025-06-21 15:29:59,62,DSKYWND2_UNIT_2A,8.0571819999
2025-06-21 15:44:59,63,DSKYWND2_UNIT_2A,7.872567
2025-06-21 15:59:59,64,DSKYWND2_UNIT_2A,7.5850669999
2025-06-21 16:14:59,65,DSKYWND2_UNIT_2A,7.299544
2025-06-21 16:29:59,66,DSKYWND2_UNIT_2A,7.485172
2025-06-21 16:44:59,67,DSKYWND2_UNIT_2A,8.73511
2025-06-21 16:59:59,68,DSKYWND2_UNIT_2A,8.7948129999
2025-06-21 17:14:59,69,DSKYWND2_UNIT_2A,8.812526
2025-06-21 17:29:59,70,DSKYWND2_UNIT_2A,8.688354
2025-06-21 17:44:59,71,DSKYWND2_UNIT_2A,7.764031
2025-06-21 17:59:59,72,DSKYWND2_UNIT_2A,8.1339349999
2025-06-21 18:14:59,73,DSKYWND2_UNIT_2A,8.2504969999
2025-06-21 18:29:59,74,DSKYWND2_UNIT_2A,8.333871
2025-06-21 18:44:59,75,DSKYWND2_UNIT_2A,8.2199059999
2025-06-21 18:59:59,76,DSKYWND2_UNIT_2A,7.766783
2025-06-21 19:14:59,77,DSKYWND2_UNIT_2A,8.7116159999
2025-06-21 19:29:59,78,DSKYWND2_UNIT_2A,8.2848679999
2025-06-21 19:44:59,79,DSKYWND2_UNIT_2A,8.454079
2025-06-21 19:59:59,80,DSKYWND2_UNIT_2A,8.552906
2025-06-21 20:14:59,81,DSKYWND2_UNIT_2A,8.945892
2025-06-21 20:29:59,82,DSKYWND2_UNIT_2A,8.6785589999
2025-06-21 20:44:59,83,DSKYWND2_UNIT_2A,8.880293
2025-06-21 20:59:59,84,DSKYWND2_UNIT_2A,8.857751
2025-06-21 21:14:59,85,DSKYWND2_UNIT_2A,9.0734069999
2025-06-21 21:29:59,86,DSKYWND2_UNIT_2A,9.028197
2025-06-21 21:44:59,87,DSKYWND2_UNIT_2A,8.8547829999
2025-06-21 21:59:59,88,DSKYWND2_UNIT_2A,8.76744
2025-06-21 22:14:59,89,DSKYWND2_UNIT_2A,8.7192989999
2025-06-21 22:29:59,90,DSKYWND2_UNIT_2A,8.813138
2025-06-21 22:44:59,91,DSKYWND2_UNIT_2A,8.973095
2025-06-21 22:59:59,92,DSKYWND2_UNIT_2A,8.8099769999
2025-06-21 23:14:59,93,DSKYWND2_UNIT_2A,8.7744909999
2025-06-21 23:29:59,94,DSKYWND2_UNIT_2A,8.697622
2025-06-21 23:44:59,95,DSKYWND2_UNIT_2A,8.7344349999
2025-06-21 23:59:59,96,DSKYWND2_UNIT_2A,8.9434769999
2025-06-22 00:14:59,1,DSKYWND2_UNIT_2A,8.8910429999
2025-06-22 00:29:59,2,DSKYWND2_UNIT_2A,8.804712
2025-06-22 00:44:59,3,DSKYWND2_UNIT_2A,8.68073
2025-06-22 00:59:59,4,DSKYWND2_UNIT_2A,8.680365
2025-06-22 01:14:59,5,DSKYWND2_UNIT_2A,8.459599
2025-06-22 01:29:59,6,DSKYWND2_UNIT_2A,8.1356249999
2025-06-22 01:44:59,7,DSKYWND2_UNIT_2A,8.954102
2025-06-22 01:59:59,8,DSKYWND2_UNIT_2A,8.8291649999
2025-06-22 02:14:59,9,DSKYWND2_UNIT_2A,8.995464
2025-06-22 02:29:59,10,DSKYWND2_UNIT_2A,8.853001
2025-06-22 02:44:59,11,DSKYWND2_UNIT_2A,9.2378359999
2025-06-22 02:59:59,12,DSKYWND2_UNIT_2A,8.854914
2025-06-22 03:14:59,13,DSKYWND2_UNIT_2A,8.677341
2025-06-22 03:29:59,14,DSKYWND2_UNIT_2A,8.9723039999
2025-06-22 03:44:59,15,DSKYWND2_UNIT_2A,9.81146
2025-06-22 03:59:59,16,DSKYWND2_UNIT_2A,9.371413
2025-06-22 04:14:59,17,DSKYWND2_UNIT_2A,9.6487789999
2025-06-22 04:29:59,18,DSKYWND2_UNIT_2A,9.7662999999
2025-06-22 04:44:59,19,DSKYWND2_UNIT_2A,9.288505
2025-06-22 04:59:59,20,DSKYWND2_UNIT_2A,8.530853
2025-06-22 05:14:59,21,DSKYWND2_UNIT_2A,8.8198369999
2025-06-22 05:29:59,22,DSKYWND2_UNIT_2A,9.7618659999
2025-06-22 05:44:59,23,DSKYWND2_UNIT_2A,9.7083449999
2025-06-22 05:59:59,24,DSKYWND2_UNIT_2A,9.4872499999
2025-06-22 06:14:59,25,DSKYWND2_UNIT_2A,9.648132
2025-06-22 06:29:59,26,DSKYWND2_UNIT_2A,9.6214049999
2025-06-22 06:44:59,27,DSKYWND2_UNIT_2A,10.3296069999
2025-06-22 06:59:59,28,DSKYWND2_UNIT_2A,10.4022039999
2025-06-22 07:14:59,29,DSKYWND2_UNIT_2A,10.352665
2025-06-22 07:29:59,30,DSKYWND2_UNIT_2A,9.7848869999
2025-06-22 07:44:59,31,DSKYWND2_UNIT_2A,10.464166
2025-06-22 07:59:59,32,DSKYWND2_UNIT_2A,10.2435379999
2025-06-22 08:14:59,33,DSKYWND2_UNIT_2A,9.1351589999
2025-06-22 08:29:59,34,DSKYWND2_UNIT_2A,9.348706
2025-06-22 08:44:59,35,DSKYWND2_UNIT_2A,9.2522939999
2025-06-22 08:59:59,36,DSKYWND2_UNIT_2A,9.296965
2025-06-22 09:14:59,37,DSKYWND2_UNIT_2A,9.4604029999
2025-06-22 09:29:59,38,DSKYWND2_UNIT_2A,9.028658
2025-06-22 09:44:59,39,DSKYWND2_UNIT_2A,9.238383
2025-06-22 09:59:59,40,DSKYWND2_UNIT_2A,9.1966719999
2025-06-22 10:14:59,41,DSKYWND2_UNIT_2A,9.221527
2025-06-22 10:29:59,42,DSKYWND2_UNIT_2A,9.4293689999
2025-06-22 10:44:59,43,DSKYWND2_UNIT_2A,9.200374
2025-06-22 10:59:59,44,DSKYWND2_UNIT_2A,9.126832
2025-06-22 11:14:59,45,DSKYWND2_UNIT_2A,9.086396
2025-06-22 11:29:59,46,DSKYWND2_UNIT_2A,8.5444689999
2025-06-22 11:44:59,47,DSKYWND2_UNIT_2A,8.7639379999
2025-06-22 11:59:59,48,DSKYWND2_UNIT_2A,8.744142
2025-06-22 12:14:59,49,DSKYWND2_UNIT_2A,8.5287869999
2025-06-22 12:29:59,50,DSKYWND2_UNIT_2A,8.3191609999
2025-06-22 12:44:59,51,DSKYWND2_UNIT_2A,8.431198
2025-06-22 12:59:59,52,DSKYWND2_UNIT_2A,8.330733
2025-06-22 13:14:59,53,DSKYWND2_UNIT_2A,8.4029469999
2025-06-22 13:29:59,54,DSKYWND2_UNIT_2A,8.0176999999
2025-06-22 13:44:59,55,DSKYWND2_UNIT_2A,7.966153
2025-06-22 13:59:59,56,DSKYWND2_UNIT_2A,8.2336799999
2025-06-22 14:14:59,57,DSKYWND2_UNIT_2A,8.132234
2025-06-22 14:29:59,58,DSKYWND2_UNIT_2A,7.9455249999
2025-06-22 14:44:59,59,DSKYWND2_UNIT_2A,7.7539709999
2025-06-22 14:59:59,60,DSKYWND2_UNIT_2A,7.443189
2025-06-22 15:14:59,61,DSKYWND2_UNIT_2A,7.6032739999
2025-06-22 15:29:59,62,DSKYWND2_UNIT_2A,7.3672089999
2025-06-22 15:44:59,63,DSKYWND2_UNIT_2A,6.819702
2025-06-22 15:59:59,64,DSKYWND2_UNIT_2A,7.115691
2025-06-22 16:14:59,65,DSKYWND2_UNIT_2A,6.5479399999
2025-06-22 16:29:59,66,DSKYWND2_UNIT_2A,6.632728
2025-06-22 16:44:59,67,DSKYWND2_UNIT_2A,7.120217
2025-06-22 16:59:59,68,DSKYWND2_UNIT_2A,7.358945
2025-06-22 17:14:59,69,DSKYWND2_UNIT_2A,7.100634
2025-06-22 17:29:59,70,DSKYWND2_UNIT_2A,7.420822
2025-06-22 17:44:59,71,DSKYWND2_UNIT_2A,7.8819759999
2025-06-22 17:59:59,72,DSKYWND2_UNIT_2A,7.510694
2025-06-22 18:14:59,73,DSKYWND2_UNIT_2A,7.817154
2025-06-22 18:29:59,74,DSKYWND2_UNIT_2A,8.076166
2025-06-22 18:44:59,75,DSKYWND2_UNIT_2A,8.31821
2025-06-22 18:59:59,76,DSKYWND2_UNIT_2A,8.323475
2025-06-22 19:14:59,77,DSKYWND2_UNIT_2A,8.554531
2025-06-22 19:29:59,78,DSKYWND2_UNIT_2A,8.5906249999
2025-06-22 19:44:59,79,DSKYWND2_UNIT_2A,8.605316
2025-06-22 19:59:59,80,DSKYWND2_UNIT_2A,8.636672
2025-06-22 20:14:59,81,DSKYWND2_UNIT_2A,8.6454529999
2025-06-22 20:29:59,82,DSKYWND2_UNIT_2A,8.948543
2025-06-22 20:44:59,83,DSKYWND2_UNIT_2A,8.7967359999
2025-06-22 20:59:59,84,DSKYWND2_UNIT_2A,9.159867
2025-06-22 21:14:59,85,DSKYWND2_UNIT_2A,9.3098749999
2025-06-22 21:29:59,86,DSKYWND2_UNIT_2A,8.9892199999
2025-06-22 21:44:59,87,DSKYWND2_UNIT_2A,9.1759269999
2025-06-22 21:59:59,88,DSKYWND2_UNIT_2A,9.175007
2025-06-22 22:14:59,89,DSKYWND2_UNIT_2A,9.0041569999
2025-06-22 22:29:59,90,DSKYWND2_UNIT_2A,9.4409159999
2025-06-22 22:44:59,91,DSKYWND2_UNIT_2A,9.2714379999
2025-06-22 22:59:59,92,DSKYWND2_UNIT_2A,9.1488709999
2025-06-22 23:14:59,93,DSKYWND2_UNIT_2A,9.021304
2025-06-22 23:29:59,94,DSKYWND2_UNIT_2A,8.9099219999
2025-06-22 23:44:59,95,DSKYWND2_UNIT_2A,8.994023
2025-06-22 23:59:59,96,DSKYWND2_UNIT_2A,8.951629
2025-06-23 00:14:59,1,DSKYWND2_UNIT_2A,8.7156439999
2025-06-23 00:29:59,2,DSKYWND2_UNIT_2A,8.75347
2025-06-23 00:44:59,3,DSKYWND2_UNIT_2A,8.756743
2025-06-23 00:59:59,4,DSKYWND2_UNIT_2A,8.886597
2025-06-23 01:14:59,5,DSKYWND2_UNIT_2A,9.048432
2025-06-23 01:29:59,6,DSKYWND2_UNIT_2A,8.815046
2025-06-23 01:44:59,7,DSKYWND2_UNIT_2A,8.825551
2025-06-23 01:59:59,8,DSKYWND2_UNIT_2A,8.8595249999
2025-06-23 02:14:59,9,DSKYWND2_UNIT_2A,8.9474149999
2025-06-23 02:29:59,10,DSKYWND2_UNIT_2A,9.3583459999
2025-06-23 02:44:59,11,DSKYWND2_UNIT_2A,9.0527979999
2025-06-23 02:59:59,12,DSKYWND2_UNIT_2A,8.854062
2025-06-23 03:14:59,13,DSKYWND2_UNIT_2A,8.968564
2025-06-23 03:29:59,14,DSKYWND2_UNIT_2A,8.9361449999
2025-06-23 03:44:59,15,DSKYWND2_UNIT_2A,9.070161
2025-06-23 03:59:59,16,DSKYWND2_UNIT_2A,8.963841
2025-06-23 04:14:59,17,DSKYWND2_UNIT_2A,8.9235959999
2025-06-23 04:29:59,18,DSKYWND2_UNIT_2A,8.94754
2025-06-23 04:44:59,19,DSKYWND2_UNIT_2A,9.637714
2025-06-23 04:59:59,20,DSKYWND2_UNIT_2A,10.1176929999
2025-06-23 05:14:59,21,DSKYWND2_UNIT_2A,9.846586
2025-06-23 05:29:59,22,DSKYWND2_UNIT_2A,9.697955
2025-06-23 05:44:59,23,DSKYWND2_UNIT_2A,9.7032889999
2025-06-23 05:59:59,24,DSKYWND2_UNIT_2A,9.7070849999
2025-06-23 06:14:59,25,DSKYWND2_UNIT_2A,8.949692
2025-06-23 06:29:59,26,DSKYWND2_UNIT_2A,8.66576
2025-06-23 06:44:59,27,DSKYWND2_UNIT_2A,8.6803419999
2025-06-23 06:59:59,28,DSKYWND2_UNIT_2A,8.399369
2025-06-23 07:14:59,29,DSKYWND2_UNIT_2A,8.312177
2025-06-23 07:29:59,30,DSKYWND2_UNIT_2A,8.03475
2025-06-23 07:44:59,31,DSKYWND2_UNIT_2A,8.129279
2025-06-23 07:59:59,32,DSKYWND2_UNIT_2A,8.204242
2025-06-23 08:14:59,33,DSKYWND2_UNIT_2A,8.202669
2025-06-23 08:29:59,34,DSKYWND2_UNIT_2A,8.178801
2025-06-23 08:44:59,35,DSKYWND2_UNIT_2A,8.0592559999
2025-06-23 08:59:59,36,DSKYWND2_UNIT_2A,8.082079
2025-06-23 09:14:59,37,DSKYWND2_UNIT_2A,8.1428259999
2025-06-23 09:29:59,38,DSKYWND2_UNIT_2A,8.296886
2025-06-23 09:44:59,39,DSKYWND2_UNIT_2A,8.462284
2025-06-23 09:59:59,40,DSKYWND2_UNIT_2A,8.427512
2025-06-23 10:14:59,41,DSKYWND2_UNIT_2A,8.3810719999
2025-06-23 10:29:59,42,DSKYWND2_UNIT_2A,8.2401169999
2025-06-23 10:44:59,43,DSKYWND2_UNIT_2A,8.224424
2025-06-23 10:59:59,44,DSKYWND2_UNIT_2A,8.1725239999
2025-06-23 11:14:59,45,DSKYWND2_UNIT_2A,8.205175
2025-06-23 11:29:59,46,DSKYWND2_UNIT_2A,7.4557029999
2025-06-23 11:44:59,47,DSKYWND2_UNIT_2A,7.9667599999
2025-06-23 11:59:59,48,DSKYWND2_UNIT_2A,8.0849379999
2025-06-23 12:14:59,49,DSKYWND2_UNIT_2A,8.1628729999
2025-06-23 12:29:59,50,DSKYWND2_UNIT_2A,8.3556539999
2025-06-23 12:44:59,51,DSKYWND2_UNIT_2A,8.5099499999
2025-06-23 12:59:59,52,DSKYWND2_UNIT_2A,8.3844619999
2025-06-23 13:14:59,53,DSKYWND2_UNIT_2A,8.311087
2025-06-23 13:29:59,54,DSKYWND2_UNIT_2A,8.068531
2025-06-23 13:44:59,55,DSKYWND2_UNIT_2A,7.6763709999
2025-06-23 13:59:59,56,DSKYWND2_UNIT_2A,11.250443
2025-06-23 14:14:59,57,DSKYWND2_UNIT_2A,11.5392069999
2025-06-23 14:29:59,58,DSKYWND2_UNIT_2A,11.545876
2025-06-23 14:44:59,59,DSKYWND2_UNIT_2A,10.649485
2025-06-23 14:59:59,60,DSKYWND2_UNIT_2A,10.077248
2025-06-23 15:14:59,61,DSKYWND2_UNIT_2A,8.8466339999
2025-06-23 15:29:59,62,DSKYWND2_UNIT_2A,10.5656789999
2025-06-23 15:44:59,63,DSKYWND2_UNIT_2A,9.8881169999
2025-06-23 15:59:59,64,DSKYWND2_UNIT_2A,9.1790529999
2025-06-23 16:14:59,65,DSKYWND2_UNIT_2A,8.3880169999
2025-06-23 16:29:59,66,DSKYWND2_UNIT_2A,9.595107
2025-06-23 16:44:59,67,DSKYWND2_UNIT_2A,10.49628
2025-06-23 16:59:59,68,DSKYWND2_UNIT_2A,10.5046079999
2025-06-23 17:14:59,69,DSKYWND2_UNIT_2A,12.1270469999
2025-06-23 17:29:59,70,DSKYWND2_UNIT_2A,11.5183649999
2025-06-23 17:44:59,71,DSKYWND2_UNIT_2A,10.30879
2025-06-23 17:59:59,72,DSKYWND2_UNIT_2A,9.0384089999
2025-06-23 18:14:59,73,DSKYWND2_UNIT_2A,10.0396579999
2025-06-23 18:29:59,74,DSKYWND2_UNIT_2A,10.35089
2025-06-23 18:44:59,75,DSKYWND2_UNIT_2A,10.567603
2025-06-23 18:59:59,76,DSKYWND2_UNIT_2A,10.554402
2025-06-23 19:14:59,77,DSKYWND2_UNIT_2A,7.6553659999
2025-06-23 19:29:59,78,DSKYWND2_UNIT_2A,5.395678
2025-06-23 19:44:59,79,DSKYWND2_UNIT_2A,6.490971
2025-06-23 19:59:59,80,DSKYWND2_UNIT_2A,6.6575069999
2025-06-23 20:14:59,81,DSKYWND2_UNIT_2A,7.051959
2025-06-23 20:29:59,82,DSKYWND2_UNIT_2A,7.5598879999
2025-06-23 20:44:59,83,DSKYWND2_UNIT_2A,8.192626
2025-06-23 20:59:59,84,DSKYWND2_UNIT_2A,8.6611899999
2025-06-23 21:14:59,85,DSKYWND2_UNIT_2A,8.255656
2025-06-23 21:29:59,86,DSKYWND2_UNIT_2A,6.9038009999
2025-06-23 21:44:59,87,DSKYWND2_UNIT_2A,8.1092279999
2025-06-23 21:59:59,88,DSKYWND2_UNIT_2A,5.3348849999
2025-06-23 22:14:59,89,DSKYWND2_UNIT_2A,4.617028
2025-06-23 22:29:59,90,DSKYWND2_UNIT_2A,6.493737
2025-06-23 22:44:59,91,DSKYWND2_UNIT_2A,7.3809509999
2025-06-23 22:59:59,92,DSKYWND2_UNIT_2A,7.132772
2025-06-23 23:14:59,93,DSKYWND2_UNIT_2A,8.336468
2025-06-23 23:29:59,94,DSKYWND2_UNIT_2A,8.2912359999
2025-06-23 23:44:59,95,DSKYWND2_UNIT_2A,8.587319
2025-06-23 23:59:59,96,DSKYWND2_UNIT_2A,8.2832819999
2025-06-24 00:14:59,1,DSKYWND2_UNIT_2A,8.618802
2025-06-24 00:29:59,2,DSKYWND2_UNIT_2A,8.6411029999
2025-06-24 00:44:59,3,DSKYWND2_UNIT_2A,8.498205
2025-06-24 00:59:59,4,DSKYWND2_UNIT_2A,8.4039929999
2025-06-24 01:14:59,5,DSKYWND2_UNIT_2A,8.06906
2025-06-24 01:29:59,6,DSKYWND2_UNIT_2A,7.6775979999
2025-06-24 01:44:59,7,DSKYWND2_UNIT_2A,7.945068
2025-06-24 01:59:59,8,DSKYWND2_UNIT_2A,8.364629
2025-06-24 02:14:59,9,DSKYWND2_UNIT_2A,8.179745
2025-06-24 02:29:59,10,DSKYWND2_UNIT_2A,8.40126
2025-06-24 02:44:59,11,DSKYWND2_UNIT_2A,8.4135439999
2025-06-24 02:59:59,12,DSKYWND2_UNIT_2A,7.292167
2025-06-24 03:14:59,13,DSKYWND2_UNIT_2A,6.9484649999
2025-06-24 03:29:59,14,DSKYWND2_UNIT_2A,8.3022189999
2025-06-24 03:44:59,15,DSKYWND2_UNIT_2A,8.9113579999
2025-06-24 03:59:59,16,DSKYWND2_UNIT_2A,8.8161719999
2025-06-24 04:14:59,17,DSKYWND2_UNIT_2A,8.534378
2025-06-24 04:29:59,18,DSKYWND2_UNIT_2A,9.1909829999
2025-06-24 04:44:59,19,DSKYWND2_UNIT_2A,9.739734
2025-06-24 04:59:59,20,DSKYWND2_UNIT_2A,9.52195
2025-06-24 05:14:59,21,DSKYWND2_UNIT_2A,9.4732099999
2025-06-24 05:29:59,22,DSKYWND2_UNIT_2A,10.075611
2025-06-24 05:44:59,23,DSKYWND2_UNIT_2A,8.954762
2025-06-24 05:59:59,24,DSKYWND2_UNIT_2A,9.6559299999
2025-06-24 06:14:59,25,DSKYWND2_UNIT_2A,9.449196
2025-06-24 06:29:59,26,DSKYWND2_UNIT_2A,9.620984
2025-06-24 06:44:59,27,DSKYWND2_UNIT_2A,8.9888539999
2025-06-24 06:59:59,28,DSKYWND2_UNIT_2A,8.4916359999
2025-06-24 07:14:59,29,DSKYWND2_UNIT_2A,8.6316839999
2025-06-24 07:29:59,30,DSKYWND2_UNIT_2A,8.35213
2025-06-24 07:44:59,31,DSKYWND2_UNIT_2A,7.7676119999
2025-06-24 07:59:59,32,DSKYWND2_UNIT_2A,7.644675
2025-06-24 08:14:59,33,DSKYWND2_UNIT_2A,7.8686299999
2025-06-24 08:29:59,34,DSKYWND2_UNIT_2A,7.935908
2025-06-24 08:44:59,35,DSKYWND2_UNIT_2A,7.6707409999
2025-06-24 08:59:59,36,DSKYWND2_UNIT_2A,7.445578
2025-06-24 09:14:59,37,DSKYWND2_UNIT_2A,7.4642309999
2025-06-24 09:29:59,38,DSKYWND2_UNIT_2A,7.5522169999
2025-06-24 09:44:59,39,DSKYWND2_UNIT_2A,7.923306
2025-06-24 09:59:59,40,DSKYWND2_UNIT_2A,8.2208369999
2025-06-24 10:14:59,41,DSKYWND2_UNIT_2A,8.3858529999
2025-06-24 10:29:59,42,DSKYWND2_UNIT_2A,8.610336
2025-06-24 10:44:59,43,DSKYWND2_UNIT_2A,8.835316
2025-06-24 10:59:59,44,DSKYWND2_UNIT_2A,8.332945
2025-06-24 11:14:59,45,DSKYWND2_UNIT_2A,8.505971
2025-06-24 11:29:59,46,DSKYWND2_UNIT_2A,8.380786
2025-06-24 11:44:59,47,DSKYWND2_UNIT_2A,8.485072
2025-06-24 11:59:59,48,DSKYWND2_UNIT_2A,8.560646
2025-06-24 12:14:59,49,DSKYWND2_UNIT_2A,9.031183
2025-06-24 12:29:59,50,DSKYWND2_UNIT_2A,9.7611729999
2025-06-24 12:44:59,51,DSKYWND2_UNIT_2A,9.7021359999
2025-06-24 12:59:59,52,DSKYWND2_UNIT_2A,9.2706859999
2025-06-24 13:14:59,53,DSKYWND2_UNIT_2A,9.224837
2025-06-24 13:29:59,54,DSKYWND2_UNIT_2A,9.097988
2025-06-24 13:44:59,55,DSKYWND2_UNIT_2A,8.8246889999
2025-06-24 13:59:59,56,DSKYWND2_UNIT_2A,9.016925
2025-06-24 14:14:59,57,DSKYWND2_UNIT_2A,11.6742349999
2025-06-24 14:29:59,58,DSKYWND2_UNIT_2A,13.397506
2025-06-24 14:44:59,59,DSKYWND2_UNIT_2A,13.372576
2025-06-24 14:59:59,60,DSKYWND2_UNIT_2A,13.0428029999
2025-06-24 15:14:59,61,DSKYWND2_UNIT_2A,12.690289
2025-06-24 15:29:59,62,DSKYWND2_UNIT_2A,13.353137
2025-06-24 15:44:59,63,DSKYWND2_UNIT_2A,12.194483
2025-06-24 15:59:59,64,DSKYWND2_UNIT_2A,12.633425
2025-06-24 16:14:59,65,DSKYWND2_UNIT_2A,12.814322
2025-06-24 16:29:59,66,DSKYWND2_UNIT_2A,12.98056
2025-06-24 16:44:59,67,DSKYWND2_UNIT_2A,13.603306
2025-06-24 16:59:59,68,DSKYWND2_UNIT_2A,11.6550949999
2025-06-24 17:14:59,69,DSKYWND2_UNIT_2A,11.811951
2025-06-24 17:29:59,70,DSKYWND2_UNIT_2A,11.721486
2025-06-24 17:44:59,71,DSKYWND2_UNIT_2A,12.306226
2025-06-24 17:59:59,72,DSKYWND2_UNIT_2A,12.288078
2025-06-24 18:14:59,73,DSKYWND2_UNIT_2A,12.164439
2025-06-24 18:29:59,74,DSKYWND2_UNIT_2A,8.146933
2025-06-24 18:44:59,75,DSKYWND2_UNIT_2A,7.360692
2025-06-24 18:59:59,76,DSKYWND2_UNIT_2A,6.929348
2025-06-24 19:14:59,77,DSKYWND2_UNIT_2A,7.6733269999
2025-06-24 19:29:59,78,DSKYWND2_UNIT_2A,8.294909
2025-06-24 19:44:59,79,DSKYWND2_UNIT_2A,8.385075
2025-06-24 19:59:59,80,DSKYWND2_UNIT_2A,8.373862
2025-06-24 20:14:59,81,DSKYWND2_UNIT_2A,8.135996
2025-06-24 20:29:59,82,DSKYWND2_UNIT_2A,6.7440189999
2025-06-24 20:44:59,83,DSKYWND2_UNIT_2A,6.544226
2025-06-24 20:59:59,84,DSKYWND2_UNIT_2A,6.7943319999
2025-06-24 21:14:59,85,DSKYWND2_UNIT_2A,5.134779
2025-06-24 21:29:59,86,DSKYWND2_UNIT_2A,4.0479099999
2025-06-24 21:44:59,87,DSKYWND2_UNIT_2A,4.7560729999
2025-06-24 21:59:59,88,DSKYWND2_UNIT_2A,4.828977
2025-06-24 22:14:59,89,DSKYWND2_UNIT_2A,3.7450839999
2025-06-24 22:29:59,90,DSKYWND2_UNIT_2A,4.411169
2025-06-24 22:44:59,91,DSKYWND2_UNIT_2A,5.6856669999
2025-06-24 22:59:59,92,DSKYWND2_UNIT_2A,5.8999779999
2025-06-24 23:14:59,93,DSKYWND2_UNIT_2A,5.0371069999
2025-06-24 23:29:59,94,DSKYWND2_UNIT_2A,5.1419639999
2025-06-24 23:44:59,95,DSKYWND2_UNIT_2A,5.635881
2025-06-24 23:59:59,96,DSKYWND2_UNIT_2A,5.819688
2025-06-25 00:14:59,1,DSKYWND2_UNIT_2A,4.8841609999
2025-06-25 00:29:59,2,DSKYWND2_UNIT_2A,3.951521
2025-06-25 00:44:59,3,DSKYWND2_UNIT_2A,4.54136
2025-06-25 00:59:59,4,DSKYWND2_UNIT_2A,4.5470079999
2025-06-25 01:14:59,5,DSKYWND2_UNIT_2A,6.0596769999
2025-06-25 01:29:59,6,DSKYWND2_UNIT_2A,8.23925
2025-06-25 01:44:59,7,DSKYWND2_UNIT_2A,9.2523339999
2025-06-25 01:59:59,8,DSKYWND2_UNIT_2A,8.608548
2025-06-25 02:14:59,9,DSKYWND2_UNIT_2A,8.1949839999
2025-06-25 02:29:59,10,DSKYWND2_UNIT_2A,8.3668089999
2025-06-25 02:44:59,11,DSKYWND2_UNIT_2A,9.111411
2025-06-25 02:59:59,12,DSKYWND2_UNIT_2A,9.218128
2025-06-25 03:14:59,13,DSKYWND2_UNIT_2A,9.26004
2025-06-25 03:29:59,14,DSKYWND2_UNIT_2A,9.375071
2025-06-25 03:44:59,15,DSKYWND2_UNIT_2A,9.724978
2025-06-25 03:59:59,16,DSKYWND2_UNIT_2A,9.7271169999
2025-06-25 04:14:59,17,DSKYWND2_UNIT_2A,9.820171
2025-06-25 04:29:59,18,DSKYWND2_UNIT_2A,9.8460459999
2025-06-25 04:44:59,19,DSKYWND2_UNIT_2A,10.052948
2025-06-25 04:59:59,20,DSKYWND2_UNIT_2A,10.080809
2025-06-25 05:14:59,21,DSKYWND2_UNIT_2A,9.7966709999
2025-06-25 05:29:59,22,DSKYWND2_UNIT_2A,8.804073
2025-06-25 05:44:59,23,DSKYWND2_UNIT_2A,8.4195309999
2025-06-25 05:59:59,24,DSKYWND2_UNIT_2A,8.1020369999
2025-06-25 06:14:59,25,DSKYWND2_UNIT_2A,7.501838
2025-06-25 06:29:59,26,DSKYWND2_UNIT_2A,4.548597
2025-06-25 06:44:59,27,DSKYWND2_UNIT_2A,1.828317
2025-06-25 06:59:59,28,DSKYWND2_UNIT_2A,3.287888
2025-06-25 07:14:59,29,DSKYWND2_UNIT_2A,5.494104
2025-06-25 07:29:59,30,DSKYWND2_UNIT_2A,7.3952629999
2025-06-25 07:44:59,31,DSKYWND2_UNIT_2A,7.2022839999
2025-06-25 07:59:59,32,DSKYWND2_UNIT_2A,6.225989
2025-06-25 08:14:59,33,DSKYWND2_UNIT_2A,5.098637
2025-06-25 08:29:59,34,DSKYWND2_UNIT_2A,5.9898619999
2025-06-25 08:44:59,35,DSKYWND2_UNIT_2A,6.822972
2025-06-25 08:59:59,36,DSKYWND2_UNIT_2A,7.391606
2025-06-25 09:14:59,37,DSKYWND2_UNIT_2A,7.671929
2025-06-25 09:29:59,38,DSKYWND2_UNIT_2A,7.975937
2025-06-25 09:44:59,39,DSKYWND2_UNIT_2A,7.790725
2025-06-25 09:59:59,40,DSKYWND2_UNIT_2A,7.465493
2025-06-25 10:14:59,41,DSKYWND2_UNIT_2A,6.55365
2025-06-25 10:29:59,42,DSKYWND2_UNIT_2A,6.084277
2025-06-25 10:44:59,43,DSKYWND2_UNIT_2A,7.3333199999
2025-06-25 10:59:59,44,DSKYWND2_UNIT_2A,7.324093
2025-06-25 11:14:59,45,DSKYWND2_UNIT_2A,8.2932369999
2025-06-25 11:29:59,46,DSKYWND2_UNIT_2A,8.025643
2025-06-25 11:44:59,47,DSKYWND2_UNIT_2A,7.631386
2025-06-25 11:59:59,48,DSKYWND2_UNIT_2A,7.5134059999
2025-06-25 12:14:59,49,DSKYWND2_UNIT_2A,6.997161
2025-06-25 12:29:59,50,DSKYWND2_UNIT_2A,6.686033
2025-06-25 12:44:59,51,DSKYWND2_UNIT_2A,5.9308719999
2025-06-25 12:59:59,52,DSKYWND2_UNIT_2A,5.865539
2025-06-25 13:14:59,53,DSKYWND2_UNIT_2A,4.5953429999
2025-06-25 13:29:59,54,DSKYWND2_UNIT_2A,3.839853
2025-06-25 13:44:59,55,DSKYWND2_UNIT_2A,2.3292299999
2025-06-25 13:59:59,56,DSKYWND2_UNIT_2A,0.646432
2025-06-25 14:14:59,57,DSKYWND2_UNIT_2A,1.437753
2025-06-25 14:29:59,58,DSKYWND2_UNIT_2A,0.7087229999
2025-06-25 14:44:59,59,DSKYWND2_UNIT_2A,0.2303939999
2025-06-25 14:59:59,60,DSKYWND2_UNIT_2A,0.4977369999
2025-06-25 15:14:59,61,DSKYWND2_UNIT_2A,0.0
2025-06-25 15:29:59,62,DSKYWND2_UNIT_2A,0.0
2025-06-25 15:44:59,63,DSKYWND2_UNIT_2A,0.0
2025-06-25 15:59:59,64,DSKYWND2_UNIT_2A,0.0
2025-06-25 16:14:59,65,DSKYWND2_UNIT_2A,0.0
2025-06-25 16:29:59,66,DSKYWND2_UNIT_2A,0.0
2025-06-25 16:44:59,67,DSKYWND2_UNIT_2A,0.0
2025-06-25 16:59:59,68,DSKYWND2_UNIT_2A,0.0
2025-06-25 17:14:59,69,DSKYWND2_UNIT_2A,0.0
2025-06-25 17:29:59,70,DSKYWND2_UNIT_2A,0.0
2025-06-25 17:44:59,71,DSKYWND2_UNIT_2A,0.0
2025-06-25 17:59:59,72,DSKYWND2_UNIT_2A,0.0
2025-06-25 18:14:59,73,DSKYWND2_UNIT_2A,0.0
2025-06-25 18:29:59,74,DSKYWND2_UNIT_2A,0.0
2025-06-25 18:44:59,75,DSKYWND2_UNIT_2A,0.0
2025-06-25 18:59:59,76,DSKYWND2_UNIT_2A,0.0
2025-06-25 19:14:59,77,DSKYWND2_UNIT_2A,0.0
2025-06-25 19:29:59,78,DSKYWND2_UNIT_2A,0.0
2025-06-25 19:44:59,79,DSKYWND2_UNIT_2A,0.0
2025-06-25 19:59:59,80,DSKYWND2_UNIT_2A,0.0
2025-06-25 20:14:59,81,DSKYWND2_UNIT_2A,0.0
2025-06-25 20:29:59,82,DSKYWND2_UNIT_2A,0.0
2025-06-25 20:44:59,83,DSKYWND2_UNIT_2A,0.4027899999
2025-06-25 20:59:59,84,DSKYWND2_UNIT_2A,0.6135549999
2025-06-25 21:14:59,85,DSKYWND2_UNIT_2A,0.0
2025-06-25 21:29:59,86,DSKYWND2_UNIT_2A,0.38474
2025-06-25 21:44:59,87,DSKYWND2_UNIT_2A,1.1388799999
2025-06-25 21:59:59,88,DSKYWND2_UNIT_2A,0.6078059999
2025-06-25 22:14:59,89,DSKYWND2_UNIT_2A,1.45072
2025-06-25 22:29:59,90,DSKYWND2_UNIT_2A,2.7675079999
2025-06-25 22:44:59,91,DSKYWND2_UNIT_2A,3.1979549999
2025-06-25 22:59:59,92,DSKYWND2_UNIT_2A,3.5322559999
2025-06-25 23:14:59,93,DSKYWND2_UNIT_2A,3.255214
2025-06-25 23:29:59,94,DSKYWND2_UNIT_2A,3.583564
2025-06-25 23:44:59,95,DSKYWND2_UNIT_2A,3.072163
2025-06-25 23:59:59,96,DSKYWND2_UNIT_2A,3.721998
2025-06-26 00:14:59,1,DSKYWND2_UNIT_2A,3.5288219999
2025-06-26 00:29:59,2,DSKYWND2_UNIT_2A,3.251202
2025-06-26 00:44:59,3,DSKYWND2_UNIT_2A,2.0772469999
2025-06-26 00:59:59,4,DSKYWND2_UNIT_2A,2.1506729999
2025-06-26 01:14:59,5,DSKYWND2_UNIT_2A,2.988138
2025-06-26 01:29:59,6,DSKYWND2_UNIT_2A,3.655485
2025-06-26 01:44:59,7,DSKYWND2_UNIT_2A,3.8330929999
2025-06-26 01:59:59,8,DSKYWND2_UNIT_2A,3.611256
2025-06-26 02:14:59,9,DSKYWND2_UNIT_2A,4.431485
2025-06-26 02:29:59,10,DSKYWND2_UNIT_2A,5.719414
2025-06-26 02:44:59,11,DSKYWND2_UNIT_2A,6.5383709999
2025-06-26 02:59:59,12,DSKYWND2_UNIT_2A,8.0474219999
2025-06-26 03:14:59,13,DSKYWND2_UNIT_2A,7.563087
2025-06-26 03:29:59,14,DSKYWND2_UNIT_2A,7.759596
2025-06-26 03:44:59,15,DSKYWND2_UNIT_2A,7.072206
2025-06-26 03:59:59,16,DSKYWND2_UNIT_2A,7.3898279999
2025-06-26 04:14:59,17,DSKYWND2_UNIT_2A,7.442572
2025-06-26 04:29:59,18,DSKYWND2_UNIT_2A,7.3038869999
2025-06-26 04:44:59,19,DSKYWND2_UNIT_2A,7.4096669999
2025-06-26 04:59:59,20,DSKYWND2_UNIT_2A,7.0759119999
2025-06-26 05:14:59,21,DSKYWND2_UNIT_2A,5.902243
2025-06-26 05:29:59,22,DSKYWND2_UNIT_2A,5.8578929999
2025-06-26 05:44:59,23,DSKYWND2_UNIT_2A,4.551147
2025-06-26 05:59:59,24,DSKYWND2_UNIT_2A,2.5770379999
2025-06-26 06:14:59,25,DSKYWND2_UNIT_2A,2.9022239999
2025-06-26 06:29:59,26,DSKYWND2_UNIT_2A,3.7491919999
2025-06-26 06:44:59,27,DSKYWND2_UNIT_2A,3.572
2025-06-26 06:59:59,28,DSKYWND2_UNIT_2A,4.331627
2025-06-26 07:14:59,29,DSKYWND2_UNIT_2A,4.692631
2025-06-26 07:29:59,30,DSKYWND2_UNIT_2A,5.0405129999
2025-06-26 07:44:59,31,DSKYWND2_UNIT_2A,5.220404
2025-06-26 07:59:59,32,DSKYWND2_UNIT_2A,5.362427
2025-06-26 08:14:59,33,DSKYWND2_UNIT_2A,5.232134
2025-06-26 08:29:59,34,DSKYWND2_UNIT_2A,4.162598
2025-06-26 08:44:59,35,DSKYWND2_UNIT_2A,2.88449
2025-06-26 08:59:59,36,DSKYWND2_UNIT_2A,3.0658189999
2025-06-26 09:14:59,37,DSKYWND2_UNIT_2A,3.365311
2025-06-26 09:29:59,38,DSKYWND2_UNIT_2A,4.27564
2025-06-26 09:44:59,39,DSKYWND2_UNIT_2A,5.350746
2025-06-26 09:59:59,40,DSKYWND2_UNIT_2A,4.9603549999
2025-06-26 10:14:59,41,DSKYWND2_UNIT_2A,3.799287
2025-06-26 10:29:59,42,DSKYWND2_UNIT_2A,2.5106459999
2025-06-26 10:44:59,43,DSKYWND2_UNIT_2A,2.133763
2025-06-26 10:59:59,44,DSKYWND2_UNIT_2A,1.249349
2025-06-26 11:14:59,45,DSKYWND2_UNIT_2A,0.832045
2025-06-26 11:29:59,46,DSKYWND2_UNIT_2A,0.0
2025-06-26 11:44:59,47,DSKYWND2_UNIT_2A,0.0
2025-06-26 11:59:59,48,DSKYWND2_UNIT_2A,0.0
2025-06-26 12:14:59,49,DSKYWND2_UNIT_2A,0.0
2025-06-26 12:29:59,50,DSKYWND2_UNIT_2A,0.0
2025-06-26 12:44:59,51,DSKYWND2_UNIT_2A,0.0
2025-06-26 12:59:59,52,DSKYWND2_UNIT_2A,0.0
2025-06-26 13:14:59,53,DSKYWND2_UNIT_2A,0.0
2025-06-26 13:29:59,54,DSKYWND2_UNIT_2A,0.0
2025-06-26 13:44:59,55,DSKYWND2_UNIT_2A,0.0
2025-06-26 13:59:59,56,DSKYWND2_UNIT_2A,0.0
2025-06-26 14:14:59,57,DSKYWND2_UNIT_2A,0.0
2025-06-26 14:29:59,58,DSKYWND2_UNIT_2A,0.0
2025-06-26 14:44:59,59,DSKYWND2_UNIT_2A,0.0
2025-06-26 14:59:59,60,DSKYWND2_UNIT_2A,0.0
2025-06-26 15:14:59,61,DSKYWND2_UNIT_2A,0.0
2025-06-26 15:29:59,62,DSKYWND2_UNIT_2A,0.0
2025-06-26 15:44:59,63,DSKYWND2_UNIT_2A,0.0
2025-06-26 15:59:59,64,DSKYWND2_UNIT_2A,0.0
2025-06-26 16:14:59,65,DSKYWND2_UNIT_2A,0.0
2025-06-26 16:29:59,66,DSKYWND2_UNIT_2A,0.0
2025-06-26 16:44:59,67,DSKYWND2_UNIT_2A,0.0
2025-06-26 16:59:59,68,DSKYWND2_UNIT_2A,0.0
2025-06-26 17:14:59,69,DSKYWND2_UNIT_2A,0.0
2025-06-26 17:29:59,70,DSKYWND2_UNIT_2A,0.0
2025-06-26 17:44:59,71,DSKYWND2_UNIT_2A,0.0
2025-06-26 17:59:59,72,DSKYWND2_UNIT_2A,0.0
2025-06-26 18:14:59,73,DSKYWND2_UNIT_2A,0.0
2025-06-26 18:29:59,74,DSKYWND2_UNIT_2A,0.9361479999
2025-06-26 18:44:59,75,DSKYWND2_UNIT_2A,1.2575689999
2025-06-26 18:59:59,76,DSKYWND2_UNIT_2A,2.1372059999
2025-06-26 19:14:59,77,DSKYWND2_UNIT_2A,1.3154159999
2025-06-26 19:29:59,78,DSKYWND2_UNIT_2A,0.487074
2025-06-26 19:44:59,79,DSKYWND2_UNIT_2A,0.3839199999
2025-06-26 19:59:59,80,DSKYWND2_UNIT_2A,1.2060169999
2025-06-26 20:14:59,81,DSKYWND2_UNIT_2A,2.6620149999
2025-06-26 20:29:59,82,DSKYWND2_UNIT_2A,3.9872719999
2025-06-26 20:44:59,83,DSKYWND2_UNIT_2A,3.5546139999
2025-06-26 20:59:59,84,DSKYWND2_UNIT_2A,3.7815099999
2025-06-26 21:14:59,85,DSKYWND2_UNIT_2A,3.7083629999
2025-06-26 21:29:59,86,DSKYWND2_UNIT_2A,4.043082
2025-06-26 21:44:59,87,DSKYWND2_UNIT_2A,3.8830529999
2025-06-26 21:59:59,88,DSKYWND2_UNIT_2A,3.2248329999
2025-06-26 22:14:59,89,DSKYWND2_UNIT_2A,4.0620859999
2025-06-26 22:29:59,90,DSKYWND2_UNIT_2A,4.278247
2025-06-26 22:44:59,91,DSKYWND2_UNIT_2A,4.5253439999
2025-06-26 22:59:59,92,DSKYWND2_UNIT_2A,3.969443
2025-06-26 23:14:59,93,DSKYWND2_UNIT_2A,1.578094
2025-06-26 23:29:59,94,DSKYWND2_UNIT_2A,1.685604
2025-06-26 23:44:59,95,DSKYWND2_UNIT_2A,2.7455039999
2025-06-26 23:59:59,96,DSKYWND2_UNIT_2A,3.008991
2025-06-27 00:14:59,1,DSKYWND2_UNIT_2A,3.371735
2025-06-27 00:29:59,2,DSKYWND2_UNIT_2A,3.032493
2025-06-27 00:44:59,3,DSKYWND2_UNIT_2A,3.703938
2025-06-27 00:59:59,4,DSKYWND2_UNIT_2A,3.748702
2025-06-27 01:14:59,5,DSKYWND2_UNIT_2A,4.073279
2025-06-27 01:29:59,6,DSKYWND2_UNIT_2A,4.308651
2025-06-27 01:44:59,7,DSKYWND2_UNIT_2A,5.1238809999
2025-06-27 01:59:59,8,DSKYWND2_UNIT_2A,4.990057
2025-06-27 02:14:59,9,DSKYWND2_UNIT_2A,5.483805
2025-06-27 02:29:59,10,DSKYWND2_UNIT_2A,5.451715
2025-06-27 02:44:59,11,DSKYWND2_UNIT_2A,6.6131869999
2025-06-27 02:59:59,12,DSKYWND2_UNIT_2A,7.3821729999
2025-06-27 03:14:59,13,DSKYWND2_UNIT_2A,7.4975899999
2025-06-27 03:29:59,14,DSKYWND2_UNIT_2A,7.012435
2025-06-27 03:44:59,15,DSKYWND2_UNIT_2A,7.5402889999
2025-06-27 03:59:59,16,DSKYWND2_UNIT_2A,7.3024089999
2025-06-27 04:14:59,17,DSKYWND2_UNIT_2A,7.0314319999
2025-06-27 04:29:59,18,DSKYWND2_UNIT_2A,7.2712969999
2025-06-27 04:44:59,19,DSKYWND2_UNIT_2A,7.545401
2025-06-27 04:59:59,20,DSKYWND2_UNIT_2A,7.626869
2025-06-27 05:14:59,21,DSKYWND2_UNIT_2A,7.565945
2025-06-27 05:29:59,22,DSKYWND2_UNIT_2A,8.083548
2025-06-27 05:44:59,23,DSKYWND2_UNIT_2A,7.717651
2025-06-27 05:59:59,24,DSKYWND2_UNIT_2A,7.519751
2025-06-27 06:14:59,25,DSKYWND2_UNIT_2A,7.899358
2025-06-27 06:29:59,26,DSKYWND2_UNIT_2A,7.681123
2025-06-27 06:44:59,27,DSKYWND2_UNIT_2A,7.568901
2025-06-27 06:59:59,28,DSKYWND2_UNIT_2A,7.379238
2025-06-27 07:14:59,29,DSKYWND2_UNIT_2A,7.3194499999
2025-06-27 07:29:59,30,DSKYWND2_UNIT_2A,7.516052
2025-06-27 07:44:59,31,DSKYWND2_UNIT_2A,6.8729709999
2025-06-27 07:59:59,32,DSKYWND2_UNIT_2A,5.9918779999
2025-06-27 08:14:59,33,DSKYWND2_UNIT_2A,5.344241
2025-06-27 08:29:59,34,DSKYWND2_UNIT_2A,4.0067079999
2025-06-27 08:44:59,35,DSKYWND2_UNIT_2A,3.1331959999
2025-06-27 08:59:59,36,DSKYWND2_UNIT_2A,2.347481
2025-06-27 09:14:59,37,DSKYWND2_UNIT_2A,1.134447
2025-06-27 09:29:59,38,DSKYWND2_UNIT_2A,0.784676
2025-06-27 09:44:59,39,DSKYWND2_UNIT_2A,0.343974
2025-06-27 09:59:59,40,DSKYWND2_UNIT_2A,0.763858
2025-06-27 10:14:59,41,DSKYWND2_UNIT_2A,1.333372
2025-06-27 10:29:59,42,DSKYWND2_UNIT_2A,1.83863
2025-06-27 10:44:59,43,DSKYWND2_UNIT_2A,3.624941
2025-06-27 10:59:59,44,DSKYWND2_UNIT_2A,3.370461
2025-06-27 11:14:59,45,DSKYWND2_UNIT_2A,2.983031
2025-06-27 11:29:59,46,DSKYWND2_UNIT_2A,3.9486829999
2025-06-27 11:44:59,47,DSKYWND2_UNIT_2A,2.688397
2025-06-27 11:59:59,48,DSKYWND2_UNIT_2A,2.430715
2025-06-27 12:14:59,49,DSKYWND2_UNIT_2A,0.7622769999
2025-06-27 12:29:59,50,DSKYWND2_UNIT_2A,1.1551709999
2025-06-27 12:44:59,51,DSKYWND2_UNIT_2A,0.0
2025-06-27 12:59:59,52,DSKYWND2_UNIT_2A,0.0
2025-06-27 13:14:59,53,DSKYWND2_UNIT_2A,0.0
2025-06-27 13:29:59,54,DSKYWND2_UNIT_2A,0.0
2025-06-27 13:44:59,55,DSKYWND2_UNIT_2A,0.0
2025-06-27 13:59:59,56,DSKYWND2_UNIT_2A,0.0
2025-06-27 14:14:59,57,DSKYWND2_UNIT_2A,0.0
2025-06-27 14:29:59,58,DSKYWND2_UNIT_2A,0.0
2025-06-27 14:44:59,59,DSKYWND2_UNIT_2A,0.0
2025-06-27 14:59:59,60,DSKYWND2_UNIT_2A,0.0
2025-06-27 15:14:59,61,DSKYWND2_UNIT_2A,0.0
2025-06-27 15:29:59,62,DSKYWND2_UNIT_2A,0.0
2025-06-27 15:44:59,63,DSKYWND2_UNIT_2A,0.0
2025-06-27 15:59:59,64,DSKYWND2_UNIT_2A,0.0
2025-06-27 16:14:59,65,DSKYWND2_UNIT_2A,1.918647
2025-06-27 16:29:59,66,DSKYWND2_UNIT_2A,2.880605
2025-06-27 16:44:59,67,DSKYWND2_UNIT_2A,2.248421
2025-06-27 16:59:59,68,DSKYWND2_UNIT_2A,2.801546
2025-06-27 17:14:59,69,DSKYWND2_UNIT_2A,4.0558259999
2025-06-27 17:29:59,70,DSKYWND2_UNIT_2A,2.9373089999
2025-06-27 17:44:59,71,DSKYWND2_UNIT_2A,3.1623109999
2025-06-27 17:59:59,72,DSKYWND2_UNIT_2A,2.719274
2025-06-27 18:14:59,73,DSKYWND2_UNIT_2A,2.972505
2025-06-27 18:29:59,74,DSKYWND2_UNIT_2A,0.0
2025-06-27 18:44:59,75,DSKYWND2_UNIT_2A,0.0
2025-06-27 18:59:59,76,DSKYWND2_UNIT_2A,0.0
2025-06-27 19:14:59,77,DSKYWND2_UNIT_2A,0.0
2025-06-27 19:29:59,78,DSKYWND2_UNIT_2A,0.0
2025-06-27 19:44:59,79,DSKYWND2_UNIT_2A,1.1039669999
2025-06-27 19:59:59,80,DSKYWND2_UNIT_2A,1.0722689999
2025-06-27 20:14:59,81,DSKYWND2_UNIT_2A,0.835944
2025-06-27 20:29:59,82,DSKYWND2_UNIT_2A,1.267844
2025-06-27 20:44:59,83,DSKYWND2_UNIT_2A,1.354216
2025-06-27 20:59:59,84,DSKYWND2_UNIT_2A,1.181235
2025-06-27 21:14:59,85,DSKYWND2_UNIT_2A,1.302341
2025-06-27 21:29:59,86,DSKYWND2_UNIT_2A,1.507513
2025-06-27 21:44:59,87,DSKYWND2_UNIT_2A,1.1849179999
2025-06-27 21:59:59,88,DSKYWND2_UNIT_2A,0.0
2025-06-27 22:14:59,89,DSKYWND2_UNIT_2A,0.0
2025-06-27 22:29:59,90,DSKYWND2_UNIT_2A,0.0
2025-06-27 22:44:59,91,DSKYWND2_UNIT_2A,1.8539159999
2025-06-27 22:59:59,92,DSKYWND2_UNIT_2A,1.636163
2025-06-27 23:14:59,93,DSKYWND2_UNIT_2A,2.8123239999
2025-06-27 23:29:59,94,DSKYWND2_UNIT_2A,3.883003
2025-06-27 23:44:59,95,DSKYWND2_UNIT_2A,4.3635799999
2025-06-27 23:59:59,96,DSKYWND2_UNIT_2A,4.470796
2025-06-28 00:14:59,1,DSKYWND2_UNIT_2A,3.898991
2025-06-28 00:29:59,2,DSKYWND2_UNIT_2A,4.005511
2025-06-28 00:44:59,3,DSKYWND2_UNIT_2A,4.7299179999
2025-06-28 00:59:59,4,DSKYWND2_UNIT_2A,5.2984179999
2025-06-28 01:14:59,5,DSKYWND2_UNIT_2A,5.038458
2025-06-28 01:29:59,6,DSKYWND2_UNIT_2A,6.265373
2025-06-28 01:44:59,7,DSKYWND2_UNIT_2A,6.535572
2025-06-28 01:59:59,8,DSKYWND2_UNIT_2A,6.5268769999
2025-06-28 02:14:59,9,DSKYWND2_UNIT_2A,5.847641
2025-06-28 02:29:59,10,DSKYWND2_UNIT_2A,4.98397
2025-06-28 02:44:59,11,DSKYWND2_UNIT_2A,5.7789039999
2025-06-28 02:59:59,12,DSKYWND2_UNIT_2A,6.5708359999
2025-06-28 03:14:59,13,DSKYWND2_UNIT_2A,7.414799
2025-06-28 03:29:59,14,DSKYWND2_UNIT_2A,7.5882699999
2025-06-28 03:44:59,15,DSKYWND2_UNIT_2A,7.647089
2025-06-28 03:59:59,16,DSKYWND2_UNIT_2A,7.9475749999
2025-06-28 04:14:59,17,DSKYWND2_UNIT_2A,8.7579879999
2025-06-28 04:29:59,18,DSKYWND2_UNIT_2A,8.995784
2025-06-28 04:44:59,19,DSKYWND2_UNIT_2A,8.800105
2025-06-28 04:59:59,20,DSKYWND2_UNIT_2A,8.8245649999
2025-06-28 05:14:59,21,DSKYWND2_UNIT_2A,8.861332
2025-06-28 05:29:59,22,DSKYWND2_UNIT_2A,8.8979199999
2025-06-28 05:44:59,23,DSKYWND2_UNIT_2A,8.897569
2025-06-28 05:59:59,24,DSKYWND2_UNIT_2A,8.076617
2025-06-28 06:14:59,25,DSKYWND2_UNIT_2A,8.163462
2025-06-28 06:29:59,26,DSKYWND2_UNIT_2A,7.4072149999
2025-06-28 06:44:59,27,DSKYWND2_UNIT_2A,6.200001
2025-06-28 06:59:59,28,DSKYWND2_UNIT_2A,5.8668709999
2025-06-28 07:14:59,29,DSKYWND2_UNIT_2A,5.13635
2025-06-28 07:29:59,30,DSKYWND2_UNIT_2A,5.4533779999
2025-06-28 07:44:59,31,DSKYWND2_UNIT_2A,5.276233
2025-06-28 07:59:59,32,DSKYWND2_UNIT_2A,6.6305319999
2025-06-28 08:14:59,33,DSKYWND2_UNIT_2A,6.1776
2025-06-28 08:29:59,34,DSKYWND2_UNIT_2A,5.77637
2025-06-28 08:44:59,35,DSKYWND2_UNIT_2A,4.37872
2025-06-28 08:59:59,36,DSKYWND2_UNIT_2A,2.7759719999
2025-06-28 09:14:59,37,DSKYWND2_UNIT_2A,4.243023
2025-06-28 09:29:59,38,DSKYWND2_UNIT_2A,4.767399
2025-06-28 09:44:59,39,DSKYWND2_UNIT_2A,5.3482979999
2025-06-28 09:59:59,40,DSKYWND2_UNIT_2A,4.281333
2025-06-28 10:14:59,41,DSKYWND2_UNIT_2A,3.6064289999
2025-06-28 10:29:59,42,DSKYWND2_UNIT_2A,2.928016
2025-06-28 10:44:59,43,DSKYWND2_UNIT_2A,1.2434559999
2025-06-28 10:59:59,44,DSKYWND2_UNIT_2A,0.3958039999
2025-06-28 11:14:59,45,DSKYWND2_UNIT_2A,1.0816969999
2025-06-28 11:29:59,46,DSKYWND2_UNIT_2A,1.915411
2025-06-28 11:44:59,47,DSKYWND2_UNIT_2A,1.179208
2025-06-28 11:59:59,48,DSKYWND2_UNIT_2A,0.2609639999
2025-06-28 12:14:59,49,DSKYWND2_UNIT_2A,0.0
2025-06-28 12:29:59,50,DSKYWND2_UNIT_2A,0.0
2025-06-28 12:44:59,51,DSKYWND2_UNIT_2A,0.0
2025-06-28 12:59:59,52,DSKYWND2_UNIT_2A,0.0
2025-06-28 13:14:59,53,DSKYWND2_UNIT_2A,0.0
2025-06-28 13:29:59,54,DSKYWND2_UNIT_2A,0.0
2025-06-28 13:44:59,55,DSKYWND2_UNIT_2A,0.0
2025-06-28 13:59:59,56,DSKYWND2_UNIT_2A,0.0
2025-06-28 14:14:59,57,DSKYWND2_UNIT_2A,0.0
2025-06-28 14:29:59,58,DSKYWND2_UNIT_2A,0.0
2025-06-28 14:44:59,59,DSKYWND2_UNIT_2A,0.0
2025-06-28 14:59:59,60,DSKYWND2_UNIT_2A,0.0
2025-06-28 15:14:59,61,DSKYWND2_UNIT_2A,0.0
2025-06-28 15:29:59,62,DSKYWND2_UNIT_2A,0.0
2025-06-28 15:44:59,63,DSKYWND2_UNIT_2A,0.0
2025-06-28 15:59:59,64,DSKYWND2_UNIT_2A,0.0
2025-06-28 16:14:59,65,DSKYWND2_UNIT_2A,0.0
2025-06-28 16:29:59,66,DSKYWND2_UNIT_2A,0.0
2025-06-28 16:44:59,67,DSKYWND2_UNIT_2A,0.0
2025-06-28 16:59:59,68,DSKYWND2_UNIT_2A,0.0
2025-06-28 17:14:59,69,DSKYWND2_UNIT_2A,0.0
2025-06-28 17:29:59,70,DSKYWND2_UNIT_2A,0.0
2025-06-28 17:44:59,71,DSKYWND2_UNIT_2A,0.0
2025-06-28 17:59:59,72,DSKYWND2_UNIT_2A,0.0
2025-06-28 18:14:59,73,DSKYWND2_UNIT_2A,0.0
2025-06-28 18:29:59,74,DSKYWND2_UNIT_2A,0.0
2025-06-28 18:44:59,75,DSKYWND2_UNIT_2A,0.0
2025-06-28 18:59:59,76,DSKYWND2_UNIT_2A,0.0
2025-06-28 19:14:59,77,DSKYWND2_UNIT_2A,0.0
2025-06-28 19:29:59,78,DSKYWND2_UNIT_2A,0.0
2025-06-28 19:44:59,79,DSKYWND2_UNIT_2A,0.0
2025-06-28 19:59:59,80,DSKYWND2_UNIT_2A,0.0
2025-06-28 20:14:59,81,DSKYWND2_UNIT_2A,0.0
2025-06-28 20:29:59,82,DSKYWND2_UNIT_2A,0.088731
2025-06-28 20:44:59,83,DSKYWND2_UNIT_2A,1.042766
2025-06-28 20:59:59,84,DSKYWND2_UNIT_2A,1.453562
2025-06-28 21:14:59,85,DSKYWND2_UNIT_2A,1.6826909999
2025-06-28 21:29:59,86,DSKYWND2_UNIT_2A,0.6459059999
2025-06-28 21:44:59,87,DSKYWND2_UNIT_2A,0.4975399999
2025-06-28 21:59:59,88,DSKYWND2_UNIT_2A,1.205516
2025-06-28 22:14:59,89,DSKYWND2_UNIT_2A,2.220584
2025-06-28 22:29:59,90,DSKYWND2_UNIT_2A,1.457338
2025-06-28 22:44:59,91,DSKYWND2_UNIT_2A,1.107147
2025-06-28 22:59:59,92,DSKYWND2_UNIT_2A,1.747646
2025-06-28 23:14:59,93,DSKYWND2_UNIT_2A,4.0537049999
2025-06-28 23:29:59,94,DSKYWND2_UNIT_2A,5.040848
2025-06-28 23:44:59,95,DSKYWND2_UNIT_2A,5.318526
2025-06-28 23:59:59,96,DSKYWND2_UNIT_2A,4.525792
2025-06-29 00:14:59,1,DSKYWND2_UNIT_2A,4.4211689999
2025-06-29 00:29:59,2,DSKYWND2_UNIT_2A,5.3164939999
2025-06-29 00:44:59,3,DSKYWND2_UNIT_2A,4.711388
2025-06-29 00:59:59,4,DSKYWND2_UNIT_2A,3.99615
2025-06-29 01:14:59,5,DSKYWND2_UNIT_2A,4.4605079999
2025-06-29 01:29:59,6,DSKYWND2_UNIT_2A,5.472029
2025-06-29 01:44:59,7,DSKYWND2_UNIT_2A,6.546825
2025-06-29 01:59:59,8,DSKYWND2_UNIT_2A,6.9316329999
2025-06-29 02:14:59,9,DSKYWND2_UNIT_2A,7.614193
2025-06-29 02:29:59,10,DSKYWND2_UNIT_2A,8.5932779999
2025-06-29 02:44:59,11,DSKYWND2_UNIT_2A,8.6762549999
2025-06-29 02:59:59,12,DSKYWND2_UNIT_2A,8.949395
2025-06-29 03:14:59,13,DSKYWND2_UNIT_2A,8.9860969999
2025-06-29 03:29:59,14,DSKYWND2_UNIT_2A,9.2906279999
2025-06-29 03:44:59,15,DSKYWND2_UNIT_2A,9.261335
2025-06-29 03:59:59,16,DSKYWND2_UNIT_2A,9.169403
2025-06-29 04:14:59,17,DSKYWND2_UNIT_2A,9.0795549999
2025-06-29 04:29:59,18,DSKYWND2_UNIT_2A,9.327009
2025-06-29 04:44:59,19,DSKYWND2_UNIT_2A,9.316499
2025-06-29 04:59:59,20,DSKYWND2_UNIT_2A,9.260265
2025-06-29 05:14:59,21,DSKYWND2_UNIT_2A,9.3089209999
2025-06-29 05:29:59,22,DSKYWND2_UNIT_2A,9.0967099999
2025-06-29 05:44:59,23,DSKYWND2_UNIT_2A,9.1442019999
2025-06-29 05:59:59,24,DSKYWND2_UNIT_2A,8.647322
2025-06-29 06:14:59,25,DSKYWND2_UNIT_2A,8.6600289999
2025-06-29 06:29:59,26,DSKYWND2_UNIT_2A,8.3813859999
2025-06-29 06:44:59,27,DSKYWND2_UNIT_2A,7.941256
2025-06-29 06:59:59,28,DSKYWND2_UNIT_2A,7.8137359999
2025-06-29 07:14:59,29,DSKYWND2_UNIT_2A,7.597995
2025-06-29 07:29:59,30,DSKYWND2_UNIT_2A,7.278011
2025-06-29 07:44:59,31,DSKYWND2_UNIT_2A,5.816384
2025-06-29 07:59:59,32,DSKYWND2_UNIT_2A,4.223529
2025-06-29 08:14:59,33,DSKYWND2_UNIT_2A,4.282884
2025-06-29 08:29:59,34,DSKYWND2_UNIT_2A,4.547716
2025-06-29 08:44:59,35,DSKYWND2_UNIT_2A,5.241193
2025-06-29 08:59:59,36,DSKYWND2_UNIT_2A,3.235147
2025-06-29 09:14:59,37,DSKYWND2_UNIT_2A,2.550901
2025-06-29 09:29:59,38,DSKYWND2_UNIT_2A,2.0511469999
2025-06-29 09:44:59,39,DSKYWND2_UNIT_2A,0.977982
2025-06-29 09:59:59,40,DSKYWND2_UNIT_2A,0.1530239999
2025-06-29 10:14:59,41,DSKYWND2_UNIT_2A,0.0
2025-06-29 10:29:59,42,DSKYWND2_UNIT_2A,0.0
2025-06-29 10:44:59,43,DSKYWND2_UNIT_2A,0.0
2025-06-29 10:59:59,44,DSKYWND2_UNIT_2A,0.0
2025-06-29 11:14:59,45,DSKYWND2_UNIT_2A,0.0
2025-06-29 11:29:59,46,DSKYWND2_UNIT_2A,0.077875
2025-06-29 11:44:59,47,DSKYWND2_UNIT_2A,0.0
2025-06-29 11:59:59,48,DSKYWND2_UNIT_2A,0.0
2025-06-29 12:14:59,49,DSKYWND2_UNIT_2A,0.0
2025-06-29 12:29:59,50,DSKYWND2_UNIT_2A,0.0
2025-06-29 12:44:59,51,DSKYWND2_UNIT_2A,0.0
2025-06-29 12:59:59,52,DSKYWND2_UNIT_2A,0.0
2025-06-29 13:14:59,53,DSKYWND2_UNIT_2A,0.0
2025-06-29 13:29:59,54,DSKYWND2_UNIT_2A,0.0
2025-06-29 13:44:59,55,DSKYWND2_UNIT_2A,0.0
2025-06-29 13:59:59,56,DSKYWND2_UNIT_2A,0.0
2025-06-29 14:14:59,57,DSKYWND2_UNIT_2A,0.0
2025-06-29 14:29:59,58,DSKYWND2_UNIT_2A,0.0
2025-06-29 14:44:59,59,DSKYWND2_UNIT_2A,0.0
2025-06-29 14:59:59,60,DSKYWND2_UNIT_2A,0.0
2025-06-29 15:14:59,61,DSKYWND2_UNIT_2A,0.0
2025-06-29 15:29:59,62,DSKYWND2_UNIT_2A,0.0
2025-06-29 15:44:59,63,DSKYWND2_UNIT_2A,0.0
2025-06-29 15:59:59,64,DSKYWND2_UNIT_2A,0.0
2025-06-29 16:14:59,65,DSKYWND2_UNIT_2A,0.0
2025-06-29 16:29:59,66,DSKYWND2_UNIT_2A,0.0
2025-06-29 16:44:59,67,DSKYWND2_UNIT_2A,0.0
2025-06-29 16:59:59,68,DSKYWND2_UNIT_2A,0.0
2025-06-29 17:14:59,69,DSKYWND2_UNIT_2A,0.0
2025-06-29 17:29:59,70,DSKYWND2_UNIT_2A,0.0
2025-06-29 17:44:59,71,DSKYWND2_UNIT_2A,0.0
2025-06-29 17:59:59,72,DSKYWND2_UNIT_2A,0.0
2025-06-29 18:14:59,73,DSKYWND2_UNIT_2A,0.0
2025-06-29 18:29:59,74,DSKYWND2_UNIT_2A,0.391811
2025-06-29 18:44:59,75,DSKYWND2_UNIT_2A,1.16589
2025-06-29 18:59:59,76,DSKYWND2_UNIT_2A,1.393307
2025-06-29 19:14:59,77,DSKYWND2_UNIT_2A,1.576327
2025-06-29 19:29:59,78,DSKYWND2_UNIT_2A,1.0961179999
2025-06-29 19:44:59,79,DSKYWND2_UNIT_2A,1.727163
2025-06-29 19:59:59,80,DSKYWND2_UNIT_2A,2.730335
2025-06-29 20:14:59,81,DSKYWND2_UNIT_2A,2.3815499999
2025-06-29 20:29:59,82,DSKYWND2_UNIT_2A,2.6654239999
2025-06-29 20:44:59,83,DSKYWND2_UNIT_2A,3.2731439999
2025-06-29 20:59:59,84,DSKYWND2_UNIT_2A,3.511266
2025-06-29 21:14:59,85,DSKYWND2_UNIT_2A,3.6154739999
2025-06-29 21:29:59,86,DSKYWND2_UNIT_2A,2.750896
2025-06-29 21:44:59,87,DSKYWND2_UNIT_2A,1.560715
2025-06-29 21:59:59,88,DSKYWND2_UNIT_2A,0.865352
2025-06-29 22:14:59,89,DSKYWND2_UNIT_2A,0.341426
2025-06-29 22:29:59,90,DSKYWND2_UNIT_2A,0.0
2025-06-29 22:44:59,91,DSKYWND2_UNIT_2A,0.0
2025-06-29 22:59:59,92,DSKYWND2_UNIT_2A,0.0
2025-06-29 23:14:59,93,DSKYWND2_UNIT_2A,0.0
2025-06-29 23:29:59,94,DSKYWND2_UNIT_2A,0.0
2025-06-29 23:44:59,95,DSKYWND2_UNIT_2A,1.088122
2025-06-29 23:59:59,96,DSKYWND2_UNIT_2A,3.5993119999
2025-06-30 00:14:59,1,DSKYWND2_UNIT_2A,3.6852969999
2025-06-30 00:14:59,1,DSKYWND2_UNIT_2A,3.6852969999
2025-06-30 00:14:59,1,DSKYWND2_UNIT_2A,3.6852969999
2025-06-30 00:29:59,2,DSKYWND2_UNIT_2A,4.0721819999
2025-06-30 00:29:59,2,DSKYWND2_UNIT_2A,4.0721819999
2025-06-30 00:29:59,2,DSKYWND2_UNIT_2A,4.0721819999
2025-06-30 00:44:59,3,DSKYWND2_UNIT_2A,4.4250069999
2025-06-30 00:44:59,3,DSKYWND2_UNIT_2A,4.4250069999
2025-06-30 00:44:59,3,DSKYWND2_UNIT_2A,4.4250069999
2025-06-30 00:59:59,4,DSKYWND2_UNIT_2A,2.121996
2025-06-30 00:59:59,4,DSKYWND2_UNIT_2A,2.121996
2025-06-30 00:59:59,4,DSKYWND2_UNIT_2A,2.121996
2025-06-30 01:14:59,5,DSKYWND2_UNIT_2A,1.379952
2025-06-30 01:14:59,5,DSKYWND2_UNIT_2A,1.379952
2025-06-30 01:14:59,5,DSKYWND2_UNIT_2A,1.379952
2025-06-30 01:29:59,6,DSKYWND2_UNIT_2A,1.0890649999
2025-06-30 01:29:59,6,DSKYWND2_UNIT_2A,1.0890649999
2025-06-30 01:29:59,6,DSKYWND2_UNIT_2A,1.0890649999
2025-06-30 01:44:59,7,DSKYWND2_UNIT_2A,1.5211779999
2025-06-30 01:44:59,7,DSKYWND2_UNIT_2A,1.5211779999
2025-06-30 01:44:59,7,DSKYWND2_UNIT_2A,1.5211779999
2025-06-30 01:59:59,8,DSKYWND2_UNIT_2A,2.732459
2025-06-30 01:59:59,8,DSKYWND2_UNIT_2A,2.732459
2025-06-30 01:59:59,8,DSKYWND2_UNIT_2A,2.732459
2025-06-30 02:14:59,9,DSKYWND2_UNIT_2A,4.2355879999
2025-06-30 02:14:59,9,DSKYWND2_UNIT_2A,4.2355879999
2025-06-30 02:14:59,9,DSKYWND2_UNIT_2A,4.2355879999
2025-06-30 02:29:59,10,DSKYWND2_UNIT_2A,3.569831
2025-06-30 02:29:59,10,DSKYWND2_UNIT_2A,3.569831
2025-06-30 02:29:59,10,DSKYWND2_UNIT_2A,3.569831
2025-06-30 02:44:59,11,DSKYWND2_UNIT_2A,1.988077
2025-06-30 02:44:59,11,DSKYWND2_UNIT_2A,1.988077
2025-06-30 02:44:59,11,DSKYWND2_UNIT_2A,1.988077
2025-06-30 02:59:59,12,DSKYWND2_UNIT_2A,2.446063
2025-06-30 02:59:59,12,DSKYWND2_UNIT_2A,2.446063
2025-06-30 02:59:59,12,DSKYWND2_UNIT_2A,2.446063
2025-06-30 03:14:59,13,DSKYWND2_UNIT_2A,0.9034499999
2025-06-30 03:14:59,13,DSKYWND2_UNIT_2A,0.9034499999
2025-06-30 03:14:59,13,DSKYWND2_UNIT_2A,0.9034499999
2025-06-30 03:29:59,14,DSKYWND2_UNIT_2A,0.495649
2025-06-30 03:29:59,14,DSKYWND2_UNIT_2A,0.495649
2025-06-30 03:29:59,14,DSKYWND2_UNIT_2A,0.495649
2025-06-30 03:44:59,15,DSKYWND2_UNIT_2A,0.6205549999
2025-06-30 03:44:59,15,DSKYWND2_UNIT_2A,0.6205549999
2025-06-30 03:44:59,15,DSKYWND2_UNIT_2A,0.6205549999
2025-06-30 03:59:59,16,DSKYWND2_UNIT_2A,0.9587029999
2025-06-30 03:59:59,16,DSKYWND2_UNIT_2A,0.9587029999
2025-06-30 03:59:59,16,DSKYWND2_UNIT_2A,0.9587029999
2025-06-30 04:14:59,17,DSKYWND2_UNIT_2A,1.204401
2025-06-30 04:14:59,17,DSKYWND2_UNIT_2A,1.204401
2025-06-30 04:14:59,17,DSKYWND2_UNIT_2A,1.204401
2025-06-30 04:29:59,18,DSKYWND2_UNIT_2A,1.7647999999
2025-06-30 04:29:59,18,DSKYWND2_UNIT_2A,1.7647999999
2025-06-30 04:29:59,18,DSKYWND2_UNIT_2A,1.7647999999
2025-06-30 04:44:59,19,DSKYWND2_UNIT_2A,4.4344479999
2025-06-30 04:44:59,19,DSKYWND2_UNIT_2A,4.4344479999
2025-06-30 04:44:59,19,DSKYWND2_UNIT_2A,4.4344479999
2025-06-30 04:59:59,20,DSKYWND2_UNIT_2A,6.326983
2025-06-30 04:59:59,20,DSKYWND2_UNIT_2A,6.326983
2025-06-30 04:59:59,20,DSKYWND2_UNIT_2A,6.326983
2025-06-30 05:14:59,21,DSKYWND2_UNIT_2A,2.724966
2025-06-30 05:14:59,21,DSKYWND2_UNIT_2A,2.724966
2025-06-30 05:14:59,21,DSKYWND2_UNIT_2A,2.724966
2025-06-30 05:29:59,22,DSKYWND2_UNIT_2A,4.702612
2025-06-30 05:29:59,22,DSKYWND2_UNIT_2A,4.702612
2025-06-30 05:29:59,22,DSKYWND2_UNIT_2A,4.702612
2025-06-30 05:44:59,23,DSKYWND2_UNIT_2A,2.4944839999
2025-06-30 05:44:59,23,DSKYWND2_UNIT_2A,2.4944839999
2025-06-30 05:44:59,23,DSKYWND2_UNIT_2A,2.4944839999
2025-06-30 05:59:59,24,DSKYWND2_UNIT_2A,3.7145739999
2025-06-30 05:59:59,24,DSKYWND2_UNIT_2A,3.7145739999
2025-06-30 05:59:59,24,DSKYWND2_UNIT_2A,3.7145739999
2025-06-30 06:14:59,25,DSKYWND2_UNIT_2A,5.892837
2025-06-30 06:14:59,25,DSKYWND2_UNIT_2A,5.892837
2025-06-30 06:14:59,25,DSKYWND2_UNIT_2A,5.892837
2025-06-30 06:29:59,26,DSKYWND2_UNIT_2A,7.093953
2025-06-30 06:29:59,26,DSKYWND2_UNIT_2A,7.093953
2025-06-30 06:29:59,26,DSKYWND2_UNIT_2A,7.093953
2025-06-30 06:44:59,27,DSKYWND2_UNIT_2A,3.277549
2025-06-30 06:44:59,27,DSKYWND2_UNIT_2A,3.277549
2025-06-30 06:44:59,27,DSKYWND2_UNIT_2A,3.277549
2025-06-30 06:59:59,28,DSKYWND2_UNIT_2A,1.7328269999
2025-06-30 06:59:59,28,DSKYWND2_UNIT_2A,1.7328269999
2025-06-30 06:59:59,28,DSKYWND2_UNIT_2A,1.7328269999
2025-06-30 07:14:59,29,DSKYWND2_UNIT_2A,1.1438029999
2025-06-30 07:14:59,29,DSKYWND2_UNIT_2A,1.1438029999
2025-06-30 07:14:59,29,DSKYWND2_UNIT_2A,1.1438029999
2025-06-30 07:29:59,30,DSKYWND2_UNIT_2A,1.607205
2025-06-30 07:29:59,30,DSKYWND2_UNIT_2A,1.607205
2025-06-30 07:29:59,30,DSKYWND2_UNIT_2A,1.607205
2025-06-30 07:44:59,31,DSKYWND2_UNIT_2A,0.0
2025-06-30 07:44:59,31,DSKYWND2_UNIT_2A,0.0
2025-06-30 07:44:59,31,DSKYWND2_UNIT_2A,0.0
2025-06-30 07:59:59,32,DSKYWND2_UNIT_2A,0.0
2025-06-30 07:59:59,32,DSKYWND2_UNIT_2A,0.0
2025-06-30 07:59:59,32,DSKYWND2_UNIT_2A,0.0
2025-06-30 08:14:59,33,DSKYWND2_UNIT_2A,0.0
2025-06-30 08:14:59,33,DSKYWND2_UNIT_2A,0.0
2025-06-30 08:14:59,33,DSKYWND2_UNIT_2A,0.0
2025-06-30 08:29:59,34,DSKYWND2_UNIT_2A,0.0
2025-06-30 08:29:59,34,DSKYWND2_UNIT_2A,0.0
2025-06-30 08:29:59,34,DSKYWND2_UNIT_2A,0.0
2025-06-30 08:44:59,35,DSKYWND2_UNIT_2A,0.0
2025-06-30 08:44:59,35,DSKYWND2_UNIT_2A,0.0
2025-06-30 08:44:59,35,DSKYWND2_UNIT_2A,0.0
2025-06-30 08:59:59,36,DSKYWND2_UNIT_2A,0.0
2025-06-30 08:59:59,36,DSKYWND2_UNIT_2A,0.0
2025-06-30 08:59:59,36,DSKYWND2_UNIT_2A,0.0
2025-06-30 09:14:59,37,DSKYWND2_UNIT_2A,0.0
2025-06-30 09:14:59,37,DSKYWND2_UNIT_2A,0.0
2025-06-30 09:14:59,37,DSKYWND2_UNIT_2A,0.0
2025-06-30 09:29:59,38,DSKYWND2_UNIT_2A,0.0
2025-06-30 09:29:59,38,DSKYWND2_UNIT_2A,0.0
2025-06-30 09:29:59,38,DSKYWND2_UNIT_2A,0.0
2025-06-30 09:44:59,39,DSKYWND2_UNIT_2A,0.0
2025-06-30 09:44:59,39,DSKYWND2_UNIT_2A,0.0
2025-06-30 09:44:59,39,DSKYWND2_UNIT_2A,0.0
2025-06-30 09:59:59,40,DSKYWND2_UNIT_2A,0.0
2025-06-30 09:59:59,40,DSKYWND2_UNIT_2A,0.0
2025-06-30 09:59:59,40,DSKYWND2_UNIT_2A,0.0
2025-06-30 10:14:59,41,DSKYWND2_UNIT_2A,0.0
2025-06-30 10:14:59,41,DSKYWND2_UNIT_2A,0.0
2025-06-30 10:14:59,41,DSKYWND2_UNIT_2A,0.0
2025-06-30 10:29:59,42,DSKYWND2_UNIT_2A,0.0
2025-06-30 10:29:59,42,DSKYWND2_UNIT_2A,0.0
2025-06-30 10:29:59,42,DSKYWND2_UNIT_2A,0.0
2025-06-30 10:44:59,43,DSKYWND2_UNIT_2A,0.0
2025-06-30 10:44:59,43,DSKYWND2_UNIT_2A,0.0
2025-06-30 10:44:59,43,DSKYWND2_UNIT_2A,0.0
2025-06-30 10:59:59,44,DSKYWND2_UNIT_2A,0.0
2025-06-30 10:59:59,44,DSKYWND2_UNIT_2A,0.0
2025-06-30 10:59:59,44,DSKYWND2_UNIT_2A,0.0
2025-06-30 11:14:59,45,DSKYWND2_UNIT_2A,0.0
2025-06-30 11:14:59,45,DSKYWND2_UNIT_2A,0.0
2025-06-30 11:14:59,45,DSKYWND2_UNIT_2A,0.0
2025-06-30 11:29:59,46,DSKYWND2_UNIT_2A,0.0
2025-06-30 11:29:59,46,DSKYWND2_UNIT_2A,0.0
2025-06-30 11:29:59,46,DSKYWND2_UNIT_2A,0.0
2025-06-30 11:44:59,47,DSKYWND2_UNIT_2A,0.0
2025-06-30 11:44:59,47,DSKYWND2_UNIT_2A,0.0
2025-06-30 11:44:59,47,DSKYWND2_UNIT_2A,0.0
2025-06-30 11:59:59,48,DSKYWND2_UNIT_2A,0.0
2025-06-30 11:59:59,48,DSKYWND2_UNIT_2A,0.0
2025-06-30 11:59:59,48,DSKYWND2_UNIT_2A,0.0
2025-06-30 12:14:59,49,DSKYWND2_UNIT_2A,0.0
2025-06-30 12:14:59,49,DSKYWND2_UNIT_2A,0.0
2025-06-30 12:14:59,49,DSKYWND2_UNIT_2A,0.0
2025-06-30 12:29:59,50,DSKYWND2_UNIT_2A,0.0
2025-06-30 12:29:59,50,DSKYWND2_UNIT_2A,0.0
2025-06-30 12:29:59,50,DSKYWND2_UNIT_2A,0.0
2025-06-30 12:44:59,51,DSKYWND2_UNIT_2A,0.0
2025-06-30 12:44:59,51,DSKYWND2_UNIT_2A,0.0
2025-06-30 12:44:59,51,DSKYWND2_UNIT_2A,0.0
2025-06-30 12:59:59,52,DSKYWND2_UNIT_2A,0.0
2025-06-30 12:59:59,52,DSKYWND2_UNIT_2A,0.0
2025-06-30 12:59:59,52,DSKYWND2_UNIT_2A,0.0
2025-06-30 13:14:59,53,DSKYWND2_UNIT_2A,0.0
2025-06-30 13:14:59,53,DSKYWND2_UNIT_2A,0.0
2025-06-30 13:14:59,53,DSKYWND2_UNIT_2A,0.0
2025-06-30 13:29:59,54,DSKYWND2_UNIT_2A,0.0
2025-06-30 13:29:59,54,DSKYWND2_UNIT_2A,0.0
2025-06-30 13:29:59,54,DSKYWND2_UNIT_2A,0.0
2025-06-30 13:44:59,55,DSKYWND2_UNIT_2A,0.0
2025-06-30 13:44:59,55,DSKYWND2_UNIT_2A,0.0
2025-06-30 13:44:59,55,DSKYWND2_UNIT_2A,0.0
2025-06-30 13:59:59,56,DSKYWND2_UNIT_2A,0.0
2025-06-30 13:59:59,56,DSKYWND2_UNIT_2A,0.0
2025-06-30 13:59:59,56,DSKYWND2_UNIT_2A,0.0
2025-06-30 14:14:59,57,DSKYWND2_UNIT_2A,0.0
2025-06-30 14:14:59,57,DSKYWND2_UNIT_2A,0.0
2025-06-30 14:14:59,57,DSKYWND2_UNIT_2A,0.0
2025-06-30 14:29:59,58,DSKYWND2_UNIT_2A,0.0
2025-06-30 14:29:59,58,DSKYWND2_UNIT_2A,0.0
2025-06-30 14:29:59,58,DSKYWND2_UNIT_2A,0.0
2025-06-30 14:44:59,59,DSKYWND2_UNIT_2A,0.0
2025-06-30 14:44:59,59,DSKYWND2_UNIT_2A,0.0
2025-06-30 14:44:59,59,DSKYWND2_UNIT_2A,0.0
2025-06-30 14:59:59,60,DSKYWND2_UNIT_2A,0.0
2025-06-30 14:59:59,60,DSKYWND2_UNIT_2A,0.0
2025-06-30 14:59:59,60,DSKYWND2_UNIT_2A,0.0
2025-06-30 15:14:59,61,DSKYWND2_UNIT_2A,0.0
2025-06-30 15:14:59,61,DSKYWND2_UNIT_2A,0.0
2025-06-30 15:14:59,61,DSKYWND2_UNIT_2A,0.0
2025-06-30 15:29:59,62,DSKYWND2_UNIT_2A,0.0
2025-06-30 15:29:59,62,DSKYWND2_UNIT_2A,0.0
2025-06-30 15:29:59,62,DSKYWND2_UNIT_2A,0.0
2025-06-30 15:44:59,63,DSKYWND2_UNIT_2A,0.0
2025-06-30 15:44:59,63,DSKYWND2_UNIT_2A,0.0
2025-06-30 15:44:59,63,DSKYWND2_UNIT_2A,0.0
2025-06-30 15:59:59,64,DSKYWND2_UNIT_2A,1.488814
2025-06-30 15:59:59,64,DSKYWND2_UNIT_2A,1.488814
2025-06-30 15:59:59,64,DSKYWND2_UNIT_2A,1.488814
2025-06-30 16:14:59,65,DSKYWND2_UNIT_2A,1.666056
2025-06-30 16:14:59,65,DSKYWND2_UNIT_2A,1.666056
2025-06-30 16:14:59,65,DSKYWND2_UNIT_2A,1.666056
2025-06-30 16:29:59,66,DSKYWND2_UNIT_2A,2.0556169999
2025-06-30 16:29:59,66,DSKYWND2_UNIT_2A,2.0556169999
2025-06-30 16:29:59,66,DSKYWND2_UNIT_2A,2.0556169999
2025-06-30 16:44:59,67,DSKYWND2_UNIT_2A,1.581941
2025-06-30 16:44:59,67,DSKYWND2_UNIT_2A,1.581941
2025-06-30 16:44:59,67,DSKYWND2_UNIT_2A,1.581941
2025-06-30 16:59:59,68,DSKYWND2_UNIT_2A,1.680295
2025-06-30 16:59:59,68,DSKYWND2_UNIT_2A,1.680295
2025-06-30 16:59:59,68,DSKYWND2_UNIT_2A,1.680295
2025-06-30 17:14:59,69,DSKYWND2_UNIT_2A,2.298975
2025-06-30 17:14:59,69,DSKYWND2_UNIT_2A,2.298975
2025-06-30 17:14:59,69,DSKYWND2_UNIT_2A,2.298975
2025-06-30 17:29:59,70,DSKYWND2_UNIT_2A,0.0
2025-06-30 17:29:59,70,DSKYWND2_UNIT_2A,0.0
2025-06-30 17:29:59,70,DSKYWND2_UNIT_2A,0.0
2025-06-30 17:44:59,71,DSKYWND2_UNIT_2A,0.0
2025-06-30 17:44:59,71,DSKYWND2_UNIT_2A,0.0
2025-06-30 17:44:59,71,DSKYWND2_UNIT_2A,0.0
2025-06-30 17:59:59,72,DSKYWND2_UNIT_2A,0.0
2025-06-30 17:59:59,72,DSKYWND2_UNIT_2A,0.0
2025-06-30 17:59:59,72,DSKYWND2_UNIT_2A,0.0
2025-06-30 18:14:59,73,DSKYWND2_UNIT_2A,0.0
2025-06-30 18:14:59,73,DSKYWND2_UNIT_2A,0.0
2025-06-30 18:14:59,73,DSKYWND2_UNIT_2A,0.0
2025-06-30 18:29:59,74,DSKYWND2_UNIT_2A,0.0
2025-06-30 18:29:59,74,DSKYWND2_UNIT_2A,0.0
2025-06-30 18:29:59,74,DSKYWND2_UNIT_2A,0.0
2025-06-30 18:44:59,75,DSKYWND2_UNIT_2A,0.0823799999
2025-06-30 18:44:59,75,DSKYWND2_UNIT_2A,0.0823799999
2025-06-30 18:44:59,75,DSKYWND2_UNIT_2A,0.0823799999
2025-06-30 18:59:59,76,DSKYWND2_UNIT_2A,0.0
2025-06-30 18:59:59,76,DSKYWND2_UNIT_2A,0.0
2025-06-30 18:59:59,76,DSKYWND2_UNIT_2A,0.0
2025-06-30 19:14:59,77,DSKYWND2_UNIT_2A,0.0
2025-06-30 19:14:59,77,DSKYWND2_UNIT_2A,0.0
2025-06-30 19:14:59,77,DSKYWND2_UNIT_2A,0.0
2025-06-30 19:29:59,78,DSKYWND2_UNIT_2A,0.0
2025-06-30 19:29:59,78,DSKYWND2_UNIT_2A,0.0
2025-06-30 19:29:59,78,DSKYWND2_UNIT_2A,0.0
2025-06-30 19:44:59,79,DSKYWND2_UNIT_2A,0.0
2025-06-30 19:44:59,79,DSKYWND2_UNIT_2A,0.0
2025-06-30 19:44:59,79,DSKYWND2_UNIT_2A,0.0
2025-06-30 19:59:59,80,DSKYWND2_UNIT_2A,0.0
2025-06-30 19:59:59,80,DSKYWND2_UNIT_2A,0.0
2025-06-30 19:59:59,80,DSKYWND2_UNIT_2A,0.0
2025-06-30 20:14:59,81,DSKYWND2_UNIT_2A,1.298122
2025-06-30 20:14:59,81,DSKYWND2_UNIT_2A,1.298122
2025-06-30 20:14:59,81,DSKYWND2_UNIT_2A,1.298122
2025-06-30 20:29:59,82,DSKYWND2_UNIT_2A,0.453814
2025-06-30 20:29:59,82,DSKYWND2_UNIT_2A,0.453814
2025-06-30 20:29:59,82,DSKYWND2_UNIT_2A,0.453814
2025-06-30 20:44:59,83,DSKYWND2_UNIT_2A,3.4671409999
2025-06-30 20:44:59,83,DSKYWND2_UNIT_2A,3.4671409999
2025-06-30 20:44:59,83,DSKYWND2_UNIT_2A,3.4671409999
2025-06-30 20:59:59,84,DSKYWND2_UNIT_2A,6.6618
2025-06-30 20:59:59,84,DSKYWND2_UNIT_2A,6.6618
2025-06-30 20:59:59,84,DSKYWND2_UNIT_2A,6.6618
2025-06-30 21:14:59,85,DSKYWND2_UNIT_2A,6.5892359999
2025-06-30 21:14:59,85,DSKYWND2_UNIT_2A,6.5892359999
2025-06-30 21:14:59,85,DSKYWND2_UNIT_2A,6.5892359999
2025-06-30 21:29:59,86,DSKYWND2_UNIT_2A,0.187179
2025-06-30 21:29:59,86,DSKYWND2_UNIT_2A,0.187179
2025-06-30 21:29:59,86,DSKYWND2_UNIT_2A,0.187179
2025-06-30 21:44:59,87,DSKYWND2_UNIT_2A,0.0
2025-06-30 21:44:59,87,DSKYWND2_UNIT_2A,0.0
2025-06-30 21:44:59,87,DSKYWND2_UNIT_2A,0.0
2025-06-30 21:59:59,88,DSKYWND2_UNIT_2A,0.27109
2025-06-30 21:59:59,88,DSKYWND2_UNIT_2A,0.27109
2025-06-30 21:59:59,88,DSKYWND2_UNIT_2A,0.27109
2025-06-30 22:14:59,89,DSKYWND2_UNIT_2A,0.0
2025-06-30 22:14:59,89,DSKYWND2_UNIT_2A,0.0
2025-06-30 22:14:59,89,DSKYWND2_UNIT_2A,0.0
2025-06-30 22:29:59,90,DSKYWND2_UNIT_2A,0.0
2025-06-30 22:29:59,90,DSKYWND2_UNIT_2A,0.0
2025-06-30 22:29:59,90,DSKYWND2_UNIT_2A,0.0
2025-06-30 22:44:59,91,DSKYWND2_UNIT_2A,0.0
2025-06-30 22:44:59,91,DSKYWND2_UNIT_2A,0.0
2025-06-30 22:44:59,91,DSKYWND2_UNIT_2A,0.0
2025-06-30 22:59:59,92,DSKYWND2_UNIT_2A,0.0
2025-06-30 22:59:59,92,DSKYWND2_UNIT_2A,0.0
2025-06-30 22:59:59,92,DSKYWND2_UNIT_2A,0.0
2025-06-30 23:14:59,93,DSKYWND2_UNIT_2A,0.0
2025-06-30 23:14:59,93,DSKYWND2_UNIT_2A,0.0
2025-06-30 23:14:59,93,DSKYWND2_UNIT_2A,0.0
2025-06-30 23:29:59,94,DSKYWND2_UNIT_2A,0.0
2025-06-30 23:29:59,94,DSKYWND2_UNIT_2A,0.0
2025-06-30 23:29:59,94,DSKYWND2_UNIT_2A,0.0
2025-06-30 23:44:59,95,DSKYWND2_UNIT_2A,0.0
2025-06-30 23:44:59,95,DSKYWND2_UNIT_2A,0.0
2025-06-30 23:44:59,95,DSKYWND2_UNIT_2A,0.0
2025-06-30 23:59:59,96,DSKYWND2_UNIT_2A,0.0
2025-06-30 23:59:59,96,DSKYWND2_UNIT_2A,0.0
2025-06-30 23:59:59,96,DSKYWND2_UNIT_2A,0.0
